品牌,型号,系列,尺寸（inch）,材质（介质）,容值,容值单位,容值误差,耐压（V）,特殊用途,备注1,备注2,备注3,器件类型,安装方式,封装代码,尺寸（mm）,规格摘要,生产状态,长度（mm）,宽度（mm）,高度（mm）,官网链接,数据来源,数据状态,校验时间,校验备注,直径（mm）,脚距（mm）,极性,ESR,纹波电流,寿命（h）,工作温度,阻值@25C,阻值单位,阻值误差,B值,B值条件,共模阻抗,阻抗单位,额定电流,DCR,回路数,电感值,电感单位,电感误差,饱和电流,屏蔽类型,阻抗@100MHz,系列说明,_model_rule_authority,_resistance_ohm,输出频率,频率单位,频差（ppm）,电源电压,输出类型,占空比,频率,负载电容（pF）,驱动电平,_body_size
Panasonic(松下),ETQP3M100HFN,ETQP3M100,,,,,,,Automotive,Source archive: ETQP3M100HFN,Model PDF: ETQP3M100HFN,Power model page: https://industrial.panasonic.com/ww/products/pt/automotive-inductors/models/ETQP3M100HFN,功率电感,SMT,ETQP3M100,6mm square,L1=9.3775uH | C1=10.5pF | R2=0.0675Ω | R1=13681.03Ω | 6mm square | Power Choke Coils for Automotive application,Production,,,,https://industrial.panasonic.com/ww/products/pt/automotive-inductors/models/ETQP3M100HFN,Panasonic official PCC_Spara zip,官方PDF抽取,2026-04-19 17:36,Panasonic PCC_Spara | ETQP3M100HFN,,,,,,,,,,,,,,,,,,9.3775,uH,,,,,Power Choke Coils for Automotive application,panasonic_pcc_spara,,,,,,,,,,,6mm square
Panasonic(松下),ETQP3M100KVN,ETQP3M100,,,,,,,Automotive,Source archive: ETQP3M100KVN,Model PDF: ETQP3M100KVN,Power model page: https://industrial.panasonic.com/ww/products/pt/automotive-inductors/models/ETQP3M100KVN,功率电感,SMT,ETQP3M100,6mm square,L1=9.814uH | C1=10.33pF | R2=0.0749Ω | R1=16763.7Ω | 6mm square | Power Choke Coils for Automotive application,Production,,,,https://industrial.panasonic.com/ww/products/pt/automotive-inductors/models/ETQP3M100KVN,Panasonic official PCC_Spara zip,官方PDF抽取,2026-04-19 17:36,Panasonic PCC_Spara | ETQP3M100KVN,,,,,,,,,,,,,,,,,,9.814,uH,,,,,Power Choke Coils for Automotive application,panasonic_pcc_spara,,,,,,,,,,,6mm square
Panasonic(松下),ETQP3M100KVP,ETQP3M100,,,,,,,Automotive,Source archive: ETQP3M100KVP,Model PDF: ETQP3M100KVP,Power model page: https://industrial.panasonic.com/ww/products/pt/automotive-inductors/models/ETQP3M100KVP,功率电感,SMT,ETQP3M100,5mm square,L1=9.3777uH | C1=7.03pF | R2=0.0976Ω | R1=17827.1Ω | 5mm square | Power Choke Coils for Automotive application,Production,,,,https://industrial.panasonic.com/ww/products/pt/automotive-inductors/models/ETQP3M100KVP,Panasonic official PCC_Spara zip,官方PDF抽取,2026-04-19 17:36,Panasonic PCC_Spara | ETQP3M100KVP,,,,,,,,,,,,,,,,,,9.3777,uH,,,,,Power Choke Coils for Automotive application,panasonic_pcc_spara,,,,,,,,,,,5mm square
Panasonic(松下),ETQP3M100YFP,ETQP3M100,,,,,,,Automotive,Source archive: ETQP3M100YFP,Model PDF: ETQP3M100YFP,Power model page: https://industrial.panasonic.com/ww/products/pt/automotive-inductors/models/ETQP3M100YFP,功率电感,SMT,ETQP3M100,,Power Choke Coils for Automotive application,Production,,,,https://industrial.panasonic.com/ww/products/pt/automotive-inductors/models/ETQP3M100YFP,Panasonic official PCC_Spara zip,官方PDF抽取,2026-04-19 17:36,Panasonic PCC_Spara | ETQP3M100YFP,,,,,,,,,,,,,,,,,,,,,,,,Power Choke Coils for Automotive application,panasonic_pcc_spara,,,,,,,,,,,
Panasonic(松下),ETQP3M150KVN,ETQP3M150,,,,,,,Automotive,Source archive: ETQP3M150KVN,Model PDF: ETQP3M150KVN,Power model page: https://industrial.panasonic.com/ww/products/pt/automotive-inductors/models/ETQP3M150KVN,功率电感,SMT,ETQP3M150,6mm square,L1=15.0217uH | C1=11.52pF | R2=0.1015Ω | R1=23927.6Ω | 6mm square | Power Choke Coils for Automotive application,Production,,,,https://industrial.panasonic.com/ww/products/pt/automotive-inductors/models/ETQP3M150KVN,Panasonic official PCC_Spara zip,官方PDF抽取,2026-04-19 17:36,Panasonic PCC_Spara | ETQP3M150KVN,,,,,,,,,,,,,,,,,,15.0217,uH,,,,,Power Choke Coils for Automotive application,panasonic_pcc_spara,,,,,,,,,,,6mm square
Panasonic(松下),ETQP3M1R0KVN,ETQP3M1R0,,,,,,,Automotive,Source archive: ETQP3M1R0KVN,Model PDF: ETQP3M1R0KVN,Power model page: https://industrial.panasonic.com/ww/products/pt/automotive-inductors/models/ETQP3M1R0KVN,功率电感,SMT,ETQP3M1R0,6mm square,L1=0.9068uH | C1=8.74pF | R2=0.0064Ω | R1=1727.57Ω | 6mm square | Power Choke Coils for Automotive application,Production,,,,https://industrial.panasonic.com/ww/products/pt/automotive-inductors/models/ETQP3M1R0KVN,Panasonic official PCC_Spara zip,官方PDF抽取,2026-04-19 17:36,Panasonic PCC_Spara | ETQP3M1R0KVN,,,,,,,,,,,,,,,,,,0.9068,uH,,,,,Power Choke Coils for Automotive application,panasonic_pcc_spara,,,,,,,,,,,6mm square
Panasonic(松下),ETQP3M1R0KVP,ETQP3M1R0,,,,,,,Automotive,Source archive: ETQP3M1R0KVP,Model PDF: ETQP3M1R0KVP,Power model page: https://industrial.panasonic.com/ww/products/pt/automotive-inductors/models/ETQP3M1R0KVP,功率电感,SMT,ETQP3M1R0,5mm square,L1=0.924uH | C1=7.51pF | R2=0.0092Ω | R1=2007.59Ω | 5mm square | Power Choke Coils for Automotive application,Production,,,,https://industrial.panasonic.com/ww/products/pt/automotive-inductors/models/ETQP3M1R0KVP,Panasonic official PCC_Spara zip,官方PDF抽取,2026-04-19 17:36,Panasonic PCC_Spara | ETQP3M1R0KVP,,,,,,,,,,,,,,,,,,0.924,uH,,,,,Power Choke Coils for Automotive application,panasonic_pcc_spara,,,,,,,,,,,5mm square
Panasonic(松下),ETQP3M1R0YFN,ETQP3M1R0,,,,,,,Automotive,Source archive: ETQP3M1R0YFN,Model PDF: ETQP3M1R0YFN,Power model page: https://industrial.panasonic.com/ww/products/pt/automotive-inductors/models/ETQP3M1R0YFN,功率电感,SMT,ETQP3M1R0,6mm square,L1=0.89uH | C1=5.32pF | R2=0.0079Ω | R1=1224.6341Ω | 6mm square | Power Choke Coils for Automotive application,Production,,,,https://industrial.panasonic.com/ww/products/pt/automotive-inductors/models/ETQP3M1R0YFN,Panasonic official PCC_Spara zip,官方PDF抽取,2026-04-19 17:36,Panasonic PCC_Spara | ETQP3M1R0YFN,,,,,,,,,,,,,,,,,,0.89,uH,,,,,Power Choke Coils for Automotive application,panasonic_pcc_spara,,,,,,,,,,,6mm square
Panasonic(松下),ETQP3M1R5KVN,ETQP3M1R5,,,,,,,Automotive,Source archive: ETQP3M1R5KVN,Model PDF: ETQP3M1R5KVN,Power model page: https://industrial.panasonic.com/ww/products/pt/automotive-inductors/models/ETQP3M1R5KVN,功率电感,SMT,ETQP3M1R5,6mm square,L1=1.3329uH | C1=8.67pF | R2=0.0108Ω | R1=2685.14Ω | 6mm square | Power Choke Coils for Automotive application,Production,,,,https://industrial.panasonic.com/ww/products/pt/automotive-inductors/models/ETQP3M1R5KVN,Panasonic official PCC_Spara zip,官方PDF抽取,2026-04-19 17:36,Panasonic PCC_Spara | ETQP3M1R5KVN,,,,,,,,,,,,,,,,,,1.3329,uH,,,,,Power Choke Coils for Automotive application,panasonic_pcc_spara,,,,,,,,,,,6mm square
Panasonic(松下),ETQP3M1R5KVP,ETQP3M1R5,,,,,,,Automotive,Source archive: ETQP3M1R5KVP,Model PDF: ETQP3M1R5KVP,Power model page: https://industrial.panasonic.com/ww/products/pt/automotive-inductors/models/ETQP3M1R5KVP,功率电感,SMT,ETQP3M1R5,5mm square,L1=1.3326uH | C1=7.7pF | R2=0.0121Ω | R1=2761.96Ω | 5mm square | Power Choke Coils for Automotive application,Production,,,,https://industrial.panasonic.com/ww/products/pt/automotive-inductors/models/ETQP3M1R5KVP,Panasonic official PCC_Spara zip,官方PDF抽取,2026-04-19 17:36,Panasonic PCC_Spara | ETQP3M1R5KVP,,,,,,,,,,,,,,,,,,1.3326,uH,,,,,Power Choke Coils for Automotive application,panasonic_pcc_spara,,,,,,,,,,,5mm square
Panasonic(松下),ETQP4M220HFN,ETQP4M220,,,,,,,Automotive,Source archive: ETQP3M220HFN,Model PDF: ETQP4M220HFN,Power model page: https://industrial.panasonic.com/ww/products/pt/automotive-inductors/models/ETQP4M220HFN,功率电感,SMT,ETQP4M220,6mm square,L1=20.0469uH | C1=12.2pF | R2=0.1439Ω | R1=27091.05Ω | 6mm square | Power Choke Coils for Automotive application,Production,,,,https://industrial.panasonic.com/ww/products/pt/automotive-inductors/models/ETQP4M220HFN,Panasonic official PCC_Spara zip,官方PDF抽取,2026-04-19 17:36,Panasonic PCC_Spara | ETQP3M220HFN,,,,,,,,,,,,,,,,,,20.0469,uH,,,,,Power Choke Coils for Automotive application,panasonic_pcc_spara,,,,,,,,,,,6mm square
Panasonic(松下),ETQP3M220KVN,ETQP3M220,,,,,,,Automotive,Source archive: ETQP3M220KVN,Model PDF: ETQP3M220KVN,Power model page: https://industrial.panasonic.com/ww/products/pt/automotive-inductors/models/ETQP3M220KVN,功率电感,SMT,ETQP3M220,6mm square,L1=21.6884uH | C1=12.28pF | R2=0.1337Ω | R1=31360.1Ω | 6mm square | Power Choke Coils for Automotive application,Production,,,,https://industrial.panasonic.com/ww/products/pt/automotive-inductors/models/ETQP3M220KVN,Panasonic official PCC_Spara zip,官方PDF抽取,2026-04-19 17:36,Panasonic PCC_Spara | ETQP3M220KVN,,,,,,,,,,,,,,,,,,21.6884,uH,,,,,Power Choke Coils for Automotive application,panasonic_pcc_spara,,,,,,,,,,,6mm square
Panasonic(松下),ETQP3M220KVP,ETQP3M220,,,,,,,Automotive,Source archive: ETQP3M220KVP,Model PDF: ETQP3M220KVP,Power model page: https://industrial.panasonic.com/ww/products/pt/automotive-inductors/models/ETQP3M220KVP,功率电感,SMT,ETQP3M220,,Power Choke Coils for Automotive application,Production,,,,https://industrial.panasonic.com/ww/products/pt/automotive-inductors/models/ETQP3M220KVP,Panasonic official PCC_Spara zip,官方PDF抽取,2026-04-19 17:36,Panasonic PCC_Spara | ETQP3M220KVP,,,,,,,,,,,,,,,,,,,,,,,,Power Choke Coils for Automotive application,panasonic_pcc_spara,,,,,,,,,,,
Panasonic(松下),ETQP3M2R2HFP,ETQP3M2R2,,,,,,,Automotive,Source archive: ETQP3M2R2HFP,Model PDF: ETQP3M2R2HFP,Power model page: https://industrial.panasonic.com/ww/products/pt/automotive-inductors/models/ETQP3M2R2HFP,功率电感,SMT,ETQP3M2R2,5mm square,L1=2.2027uH | C1=9.37pF | R2=0.0198Ω | R1=3157.55Ω | 5mm square | Power Choke Coils for Automotive application,Production,,,,https://industrial.panasonic.com/ww/products/pt/automotive-inductors/models/ETQP3M2R2HFP,Panasonic official PCC_Spara zip,官方PDF抽取,2026-04-19 17:36,Panasonic PCC_Spara | ETQP3M2R2HFP,,,,,,,,,,,,,,,,,,2.2027,uH,,,,,Power Choke Coils for Automotive application,panasonic_pcc_spara,,,,,,,,,,,5mm square
Panasonic(松下),ETQP3M2R2KVN,ETQP3M2R2,,,,,,,Automotive,Source archive: ETQP3M2R2KVN,Model PDF: ETQP3M2R2KVN,Power model page: https://industrial.panasonic.com/ww/products/pt/automotive-inductors/models/ETQP3M2R2KVN,功率电感,SMT,ETQP3M2R2,6mm square,L1=2.1571uH | C1=9.9pF | R2=0.0149Ω | R1=4187.77Ω | 6mm square | Power Choke Coils for Automotive application,Production,,,,https://industrial.panasonic.com/ww/products/pt/automotive-inductors/models/ETQP3M2R2KVN,Panasonic official PCC_Spara zip,官方PDF抽取,2026-04-19 17:36,Panasonic PCC_Spara | ETQP3M2R2KVN,,,,,,,,,,,,,,,,,,2.1571,uH,,,,,Power Choke Coils for Automotive application,panasonic_pcc_spara,,,,,,,,,,,6mm square
Panasonic(松下),ETQP3M2R2KVP,ETQP3M2R2,,,,,,,Automotive,Source archive: ETQP3M2R2KVP,Model PDF: ETQP3M2R2KVP,Power model page: https://industrial.panasonic.com/ww/products/pt/automotive-inductors/models/ETQP3M2R2KVP,功率电感,SMT,ETQP3M2R2,5mm square,L1=2.2549uH | C1=9.13pF | R2=0.0204Ω | R1=4355.21Ω | 5mm square | Power Choke Coils for Automotive application,Production,,,,https://industrial.panasonic.com/ww/products/pt/automotive-inductors/models/ETQP3M2R2KVP,Panasonic official PCC_Spara zip,官方PDF抽取,2026-04-19 17:36,Panasonic PCC_Spara | ETQP3M2R2KVP,,,,,,,,,,,,,,,,,,2.2549,uH,,,,,Power Choke Coils for Automotive application,panasonic_pcc_spara,,,,,,,,,,,5mm square
Panasonic(松下),ETQP3M2R2YFP,ETQP3M2R2,,,,,,,Automotive,Source archive: ETQP3M2R2YFP,Model PDF: ETQP3M2R2YFP,Power model page: https://industrial.panasonic.com/ww/products/pt/automotive-inductors/models/ETQP3M2R2YFP,功率电感,SMT,ETQP3M2R2,5mm square,L1=2.3151uH | C1=7.46pF | R2=0.0226Ω | R1=3307.0175Ω | 5mm square | Power Choke Coils for Automotive application,Production,,,,https://industrial.panasonic.com/ww/products/pt/automotive-inductors/models/ETQP3M2R2YFP,Panasonic official PCC_Spara zip,官方PDF抽取,2026-04-19 17:36,Panasonic PCC_Spara | ETQP3M2R2YFP,,,,,,,,,,,,,,,,,,2.3151,uH,,,,,Power Choke Coils for Automotive application,panasonic_pcc_spara,,,,,,,,,,,5mm square
Panasonic(松下),ETQP3M330KVN,ETQP3M330,,,,,,,Automotive,Source archive: ETQP3M330KVN,Model PDF: ETQP3M330KVN,Power model page: https://industrial.panasonic.com/ww/products/pt/automotive-inductors/models/ETQP3M330KVN,功率电感,SMT,ETQP3M330,6mm square,L1=31.0363uH | C1=12.7pF | R2=0.2052Ω | R1=37525.58Ω | 6mm square | Power Choke Coils for Automotive application,Production,,,,https://industrial.panasonic.com/ww/products/pt/automotive-inductors/models/ETQP3M330KVN,Panasonic official PCC_Spara zip,官方PDF抽取,2026-04-19 17:36,Panasonic PCC_Spara | ETQP3M330KVN,,,,,,,,,,,,,,,,,,31.0363,uH,,,,,Power Choke Coils for Automotive application,panasonic_pcc_spara,,,,,,,,,,,6mm square
Panasonic(松下),ETQP3M3R3KVN,ETQP3M3R3,,,,,,,Automotive,Source archive: ETQP3M3R3KVN,Model PDF: ETQP3M3R3KVN,Power model page: https://industrial.panasonic.com/ww/products/pt/automotive-inductors/models/ETQP3M3R3KVN,功率电感,SMT,ETQP3M3R3,6mm square,L1=3.0762uH | C1=10.67pF | R2=0.0238Ω | R1=5697.66Ω | 6mm square | Power Choke Coils for Automotive application,Production,,,,https://industrial.panasonic.com/ww/products/pt/automotive-inductors/models/ETQP3M3R3KVN,Panasonic official PCC_Spara zip,官方PDF抽取,2026-04-19 17:36,Panasonic PCC_Spara | ETQP3M3R3KVN,,,,,,,,,,,,,,,,,,3.0762,uH,,,,,Power Choke Coils for Automotive application,panasonic_pcc_spara,,,,,,,,,,,6mm square
Panasonic(松下),ETQP3M3R3KVP,ETQP3M3R3,,,,,,,Automotive,Source archive: ETQP3M3R3KVP,Model PDF: ETQP3M3R3KVP,Power model page: https://industrial.panasonic.com/ww/products/pt/automotive-inductors/models/ETQP3M3R3KVP,功率电感,SMT,ETQP3M3R3,5mm square,L1=3.2889uH | C1=10pF | R2=0.0277Ω | R1=6308.48Ω | 5mm square | Power Choke Coils for Automotive application,Production,,,,https://industrial.panasonic.com/ww/products/pt/automotive-inductors/models/ETQP3M3R3KVP,Panasonic official PCC_Spara zip,官方PDF抽取,2026-04-19 17:36,Panasonic PCC_Spara | ETQP3M3R3KVP,,,,,,,,,,,,,,,,,,3.2889,uH,,,,,Power Choke Coils for Automotive application,panasonic_pcc_spara,,,,,,,,,,,5mm square
Panasonic(松下),ETQP3M3R3YFP,ETQP3M3R3,,,,,,,Automotive,Source archive: ETQP3M3R3YFP,Model PDF: ETQP3M3R3YFP,Power model page: https://industrial.panasonic.com/ww/products/pt/automotive-inductors/models/ETQP3M3R3YFP,功率电感,SMT,ETQP3M3R3,5mm square,L1=3.0527uH | C1=7.32pF | R2=0.0313Ω | R1=4216.8827Ω | 5mm square | Power Choke Coils for Automotive application,Production,,,,https://industrial.panasonic.com/ww/products/pt/automotive-inductors/models/ETQP3M3R3YFP,Panasonic official PCC_Spara zip,官方PDF抽取,2026-04-19 17:36,Panasonic PCC_Spara | ETQP3M3R3YFP,,,,,,,,,,,,,,,,,,3.0527,uH,,,,,Power Choke Coils for Automotive application,panasonic_pcc_spara,,,,,,,,,,,5mm square
Panasonic(松下),ETQP3M4R7KVN,ETQP3M4R7,,,,,,,Automotive,Source archive: ETQP3M4R7KVN,Model PDF: ETQP3M4R7KVN,Power model page: https://industrial.panasonic.com/ww/products/pt/automotive-inductors/models/ETQP3M4R7KVN,功率电感,SMT,ETQP3M4R7,6mm square,L1=4.3868uH | C1=12.82pF | R2=0.0299Ω | R1=8260.24Ω | 6mm square | Power Choke Coils for Automotive application,Production,,,,https://industrial.panasonic.com/ww/products/pt/automotive-inductors/models/ETQP3M4R7KVN,Panasonic official PCC_Spara zip,官方PDF抽取,2026-04-19 17:36,Panasonic PCC_Spara | ETQP3M4R7KVN,,,,,,,,,,,,,,,,,,4.3868,uH,,,,,Power Choke Coils for Automotive application,panasonic_pcc_spara,,,,,,,,,,,6mm square
Panasonic(松下),ETQP3M4R7KVP,ETQP3M4R7,,,,,,,Automotive,Source archive: ETQP3M4R7KVP,Model PDF: ETQP3M4R7KVP,Power model page: https://industrial.panasonic.com/ww/products/pt/automotive-inductors/models/ETQP3M4R7KVP,功率电感,SMT,ETQP3M4R7,5mm square,L1=4.3477uH | C1=9.16pF | R2=0.0458Ω | R1=9142.82Ω | 5mm square | Power Choke Coils for Automotive application,Production,,,,https://industrial.panasonic.com/ww/products/pt/automotive-inductors/models/ETQP3M4R7KVP,Panasonic official PCC_Spara zip,官方PDF抽取,2026-04-19 17:36,Panasonic PCC_Spara | ETQP3M4R7KVP,,,,,,,,,,,,,,,,,,4.3477,uH,,,,,Power Choke Coils for Automotive application,panasonic_pcc_spara,,,,,,,,,,,5mm square
Panasonic(松下),ETQP3M6R8KVN,ETQP3M6R8,,,,,,,Automotive,Source archive: ETQP3M6R8KVN,Model PDF: ETQP3M6R8KVN,Power model page: https://industrial.panasonic.com/ww/products/pt/automotive-inductors/models/ETQP3M6R8KVN,功率电感,SMT,ETQP3M6R8,6mm square,L1=6.2733uH | C1=12.36pF | R2=0.0462Ω | R1=11667.1Ω | 6mm square | Power Choke Coils for Automotive application,Production,,,,https://industrial.panasonic.com/ww/products/pt/automotive-inductors/models/ETQP3M6R8KVN,Panasonic official PCC_Spara zip,官方PDF抽取,2026-04-19 17:36,Panasonic PCC_Spara | ETQP3M6R8KVN,,,,,,,,,,,,,,,,,,6.2733,uH,,,,,Power Choke Coils for Automotive application,panasonic_pcc_spara,,,,,,,,,,,6mm square
Panasonic(松下),ETQP3M6R8KVP,ETQP3M6R8,,,,,,,Automotive,Source archive: ETQP3M6R8KVP,Model PDF: ETQP3M6R8KVP,Power model page: https://industrial.panasonic.com/ww/products/pt/automotive-inductors/models/ETQP3M6R8KVP,功率电感,SMT,ETQP3M6R8,5mm square,L1=6.1861uH | C1=9.43pF | R2=0.066Ω | R1=12685.8Ω | 5mm square | Power Choke Coils for Automotive application,Production,,,,https://industrial.panasonic.com/ww/products/pt/automotive-inductors/models/ETQP3M6R8KVP,Panasonic official PCC_Spara zip,官方PDF抽取,2026-04-19 17:36,Panasonic PCC_Spara | ETQP3M6R8KVP,,,,,,,,,,,,,,,,,,6.1861,uH,,,,,Power Choke Coils for Automotive application,panasonic_pcc_spara,,,,,,,,,,,5mm square
Panasonic(松下),ETQP3MR33KVP,ETQP3MR33,,,,,,,Automotive,Source archive: ETQP3MR33KVP,Model PDF: ETQP3MR33KVP,Power model page: https://industrial.panasonic.com/ww/products/pt/automotive-inductors/models/ETQP3MR33KVP,功率电感,SMT,ETQP3MR33,5mm square,L1=0.3056uH | C1=3.94pF | R2=0.0048Ω | R1=430.8Ω | 5mm square | Power Choke Coils for Automotive application,Production,,,,https://industrial.panasonic.com/ww/products/pt/automotive-inductors/models/ETQP3MR33KVP,Panasonic official PCC_Spara zip,官方PDF抽取,2026-04-19 17:36,Panasonic PCC_Spara | ETQP3MR33KVP,,,,,,,,,,,,,,,,,,0.3056,uH,,,,,Power Choke Coils for Automotive application,panasonic_pcc_spara,,,,,,,,,,,5mm square
Panasonic(松下),ETQP3MR47KVN,ETQP3MR47,,,,,,,Automotive,Source archive: ETQP3MR47KVN,Model PDF: ETQP3MR47KVN,Power model page: https://industrial.panasonic.com/ww/products/pt/automotive-inductors/models/ETQP3MR47KVN,功率电感,SMT,ETQP3MR47,,Power Choke Coils for Automotive application,Production,,,,https://industrial.panasonic.com/ww/products/pt/automotive-inductors/models/ETQP3MR47KVN,Panasonic official PCC_Spara zip,官方PDF抽取,2026-04-19 17:36,Panasonic PCC_Spara | ETQP3MR47KVN,,,,,,,,,,,,,,,,,,,,,,,,Power Choke Coils for Automotive application,panasonic_pcc_spara,,,,,,,,,,,
Panasonic(松下),ETQP3MR47KVP,ETQP3MR47,,,,,,,Automotive,Source archive: ETQP3MR47KVP,Model PDF: ETQP3MR47KVP,Power model page: https://industrial.panasonic.com/ww/products/pt/automotive-inductors/models/ETQP3MR47KVP,功率电感,SMT,ETQP3MR47,,Power Choke Coils for Automotive application,Production,,,,https://industrial.panasonic.com/ww/products/pt/automotive-inductors/models/ETQP3MR47KVP,Panasonic official PCC_Spara zip,官方PDF抽取,2026-04-19 17:36,Panasonic PCC_Spara | ETQP3MR47KVP,,,,,,,,,,,,,,,,,,,,,,,,Power Choke Coils for Automotive application,panasonic_pcc_spara,,,,,,,,,,,
Panasonic(松下),ETQP3MR68KVN,ETQP3MR68,,,,,,,Automotive,Source archive: ETQP3MR68KVN,Model PDF: ETQP3MR68KVN,Power model page: https://industrial.panasonic.com/ww/products/pt/automotive-inductors/models/ETQP3MR68KVN,功率电感,SMT,ETQP3MR68,6mm square,L1=0.6409uH | C1=8.38pF | R2=0.0051Ω | R1=1143.82Ω | 6mm square | Power Choke Coils for Automotive application,Production,,,,https://industrial.panasonic.com/ww/products/pt/automotive-inductors/models/ETQP3MR68KVN,Panasonic official PCC_Spara zip,官方PDF抽取,2026-04-19 17:36,Panasonic PCC_Spara | ETQP3MR68KVN,,,,,,,,,,,,,,,,,,0.6409,uH,,,,,Power Choke Coils for Automotive application,panasonic_pcc_spara,,,,,,,,,,,6mm square
Panasonic(松下),ETQP3MR68KVP,ETQP3MR68,,,,,,,Automotive,Source archive: ETQP3MR68KVP,Model PDF: ETQP3MR68KVP,Power model page: https://industrial.panasonic.com/ww/products/pt/automotive-inductors/models/ETQP3MR68KVP,功率电感,SMT,ETQP3MR68,5mm square,L1=0.673uH | C1=6.51pF | R2=0.0072Ω | R1=1203.31Ω | 5mm square | Power Choke Coils for Automotive application,Production,,,,https://industrial.panasonic.com/ww/products/pt/automotive-inductors/models/ETQP3MR68KVP,Panasonic official PCC_Spara zip,官方PDF抽取,2026-04-19 17:36,Panasonic PCC_Spara | ETQP3MR68KVP,,,,,,,,,,,,,,,,,,0.673,uH,,,,,Power Choke Coils for Automotive application,panasonic_pcc_spara,,,,,,,,,,,5mm square
Panasonic(松下),ETQP3MR68YFN,ETQP3MR68,,,,,,,Automotive,Source archive: ETQP3MR68YFN,Model PDF: ETQP3MR68YFN,Power model page: https://industrial.panasonic.com/ww/products/pt/automotive-inductors/models/ETQP3MR68YFN,功率电感,SMT,ETQP3MR68,6mm square,L1=0.6382uH | C1=4.65pF | R2=0.0063Ω | R1=814.3809Ω | 6mm square | Power Choke Coils for Automotive application,Production,,,,https://industrial.panasonic.com/ww/products/pt/automotive-inductors/models/ETQP3MR68YFN,Panasonic official PCC_Spara zip,官方PDF抽取,2026-04-19 17:36,Panasonic PCC_Spara | ETQP3MR68YFN,,,,,,,,,,,,,,,,,,0.6382,uH,,,,,Power Choke Coils for Automotive application,panasonic_pcc_spara,,,,,,,,,,,6mm square
Panasonic(松下),ETQP4M100KFM,ETQP4M100,,,,,,,Automotive,Source archive: ETQP4M100KFM,Model PDF: ETQP4M100KFM,Power model page: https://industrial.panasonic.com/ww/products/pt/automotive-inductors/models/ETQP4M100KFM,功率电感,SMT,ETQP4M100,7mm square,L1=9.58uH | C1=19.18pF | R2=0.0359Ω | R1=13910.6Ω | 7mm square | Power Choke Coils for Automotive application,Production,,,,https://industrial.panasonic.com/ww/products/pt/automotive-inductors/models/ETQP4M100KFM,Panasonic official PCC_Spara zip,官方PDF抽取,2026-04-19 17:36,Panasonic PCC_Spara | ETQP4M100KFM,,,,,,,,,,,,,,,,,,9.58,uH,,,,,Power Choke Coils for Automotive application,panasonic_pcc_spara,,,,,,,,,,,7mm square
Panasonic(松下),ETQP4M100KFN,ETQP4M100,,,,,,,Automotive,Source archive: ETQP4M100KFN,Model PDF: ETQP4M100KFN,Power model page: https://industrial.panasonic.com/ww/products/pt/automotive-inductors/models/ETQP4M100KFN,功率电感,SMT,ETQP4M100,6mm square,L1=9.5754uH | C1=18.48pF | R2=0.0403Ω | R1=13879.97Ω | 6mm square | Power Choke Coils for Automotive application,Production,,,,https://industrial.panasonic.com/ww/products/pt/automotive-inductors/models/ETQP4M100KFN,Panasonic official PCC_Spara zip,官方PDF抽取,2026-04-19 17:36,Panasonic PCC_Spara | ETQP4M100KFN,,,,,,,,,,,,,,,,,,9.5754,uH,,,,,Power Choke Coils for Automotive application,panasonic_pcc_spara,,,,,,,,,,,6mm square
Panasonic(松下),ETQP4M100KVC,ETQP4M100,,,,,,,Automotive,Source archive: ETQP4M100KVC,Model PDF: ETQP4M100KVC,Power model page: https://industrial.panasonic.com/ww/products/pt/automotive-inductors/models/ETQP4M100KVC,功率电感,SMT,ETQP4M100,10mm square,L1=10.0243uH | C1=19.94pF | R2=0.0255Ω | R1=16689.4Ω | 10mm square | Power Choke Coils for Automotive application,Production,,,,https://industrial.panasonic.com/ww/products/pt/automotive-inductors/models/ETQP4M100KVC,Panasonic official PCC_Spara zip,官方PDF抽取,2026-04-19 17:36,Panasonic PCC_Spara | ETQP4M100KVC,,,,,,,,,,,,,,,,,,10.0243,uH,,,,,Power Choke Coils for Automotive application,panasonic_pcc_spara,,,,,,,,,,,10mm square
Panasonic(松下),ETQP4M100KVK,ETQP4M100,,,,,,,Automotive,Source archive: ETQP4M100KVK,Model PDF: ETQP4M100KVK,Power model page: https://industrial.panasonic.com/ww/products/pt/automotive-inductors/models/ETQP4M100KVK,功率电感,SMT,ETQP4M100,8mm square,L1=9.4967uH | C1=21.16pF | R2=0.0406Ω | R1=16269Ω | 8mm square | Power Choke Coils for Automotive application,Production,,,,https://industrial.panasonic.com/ww/products/pt/automotive-inductors/models/ETQP4M100KVK,Panasonic official PCC_Spara zip,官方PDF抽取,2026-04-19 17:36,Panasonic PCC_Spara | ETQP4M100KVK,,,,,,,,,,,,,,,,,,9.4967,uH,,,,,Power Choke Coils for Automotive application,panasonic_pcc_spara,,,,,,,,,,,8mm square
Panasonic(松下),ETQP4M100YFN,ETQP4M100,,,,,,,Automotive,Source archive: ETQP4M100YFN,Model PDF: ETQP4M100YFN,Power model page: https://industrial.panasonic.com/ww/products/pt/automotive-inductors/models/ETQP4M100YFN,功率电感,SMT,ETQP4M100,6mm square,L1=10.1085uH | C1=13.26pF | R2=0.0542Ω | R1=10895.2476Ω | 6mm square | Power Choke Coils for Automotive application,Production,,,,https://industrial.panasonic.com/ww/products/pt/automotive-inductors/models/ETQP4M100YFN,Panasonic official PCC_Spara zip,官方PDF抽取,2026-04-19 17:36,Panasonic PCC_Spara | ETQP4M100YFN,,,,,,,,,,,,,,,,,,10.1085,uH,,,,,Power Choke Coils for Automotive application,panasonic_pcc_spara,,,,,,,,,,,6mm square
Panasonic(松下),ETQP4M100YFP,ETQP4M100,,,,,,,Automotive,Source archive: ETQP4M100YFP,Model PDF: ETQP4M100YFP,Power model page: https://industrial.panasonic.com/ww/products/pt/automotive-inductors/models/ETQP4M100YFP,功率电感,SMT,ETQP4M100,,Power Choke Coils for Automotive application,Production,,,,https://industrial.panasonic.com/ww/products/pt/automotive-inductors/models/ETQP4M100YFP,Panasonic official PCC_Spara zip,官方PDF抽取,2026-04-19 17:36,Panasonic PCC_Spara | ETQP4M100YFP,,,,,,,,,,,,,,,,,,,,,,,,Power Choke Coils for Automotive application,panasonic_pcc_spara,,,,,,,,,,,
Panasonic(松下),ETQP4M101KVC,ETQP4M101,,,,,,,Automotive,Source archive: ETQP4M101KVC,Model PDF: ETQP4M101KVC,Power model page: https://industrial.panasonic.com/ww/products/pt/automotive-inductors/models/ETQP4M101KVC,功率电感,SMT,ETQP4M101,,Power Choke Coils for Automotive application,Production,,,,https://industrial.panasonic.com/ww/products/pt/automotive-inductors/models/ETQP4M101KVC,Panasonic official PCC_Spara zip,官方PDF抽取,2026-04-19 17:36,Panasonic PCC_Spara | ETQP4M101KVC,,,,,,,,,,,,,,,,,,,,,,,,Power Choke Coils for Automotive application,panasonic_pcc_spara,,,,,,,,,,,
Panasonic(松下),ETQP4M150KFM,ETQP4M150,,,,,,,Automotive,Source archive: ETQP4M150KFM,Model PDF: ETQP4M150KFM,Power model page: https://industrial.panasonic.com/ww/products/pt/automotive-inductors/models/ETQP4M150KFM,功率电感,SMT,ETQP4M150,,Power Choke Coils for Automotive application,Production,,,,https://industrial.panasonic.com/ww/products/pt/automotive-inductors/models/ETQP4M150KFM,Panasonic official PCC_Spara zip,官方PDF抽取,2026-04-19 17:36,Panasonic PCC_Spara | ETQP4M150KFM,,,,,,,,,,,,,,,,,,,,,,,,Power Choke Coils for Automotive application,panasonic_pcc_spara,,,,,,,,,,,
Panasonic(松下),ETQP4M150KFN,ETQP4M150,,,,,,,Automotive,Source archive: ETQP4M150KFN,Model PDF: ETQP4M150KFN,Power model page: https://industrial.panasonic.com/ww/products/pt/automotive-inductors/models/ETQP4M150KFN,功率电感,SMT,ETQP4M150,6mm square,L1=14.7211uH | C1=20.07pF | R2=0.0649Ω | R1=17803.27Ω | 6mm square | Power Choke Coils for Automotive application,Production,,,,https://industrial.panasonic.com/ww/products/pt/automotive-inductors/models/ETQP4M150KFN,Panasonic official PCC_Spara zip,官方PDF抽取,2026-04-19 17:36,Panasonic PCC_Spara | ETQP4M150KFN,,,,,,,,,,,,,,,,,,14.7211,uH,,,,,Power Choke Coils for Automotive application,panasonic_pcc_spara,,,,,,,,,,,6mm square
Panasonic(松下),ETQP4M150KVC,ETQP4M150,,,,,,,Automotive,Source archive: ETQP4M150KVC,Model PDF: ETQP4M150KVC,Power model page: https://industrial.panasonic.com/ww/products/pt/automotive-inductors/models/ETQP4M150KVC,功率电感,SMT,ETQP4M150,10mm square,L1=14.3038uH | C1=19.14pF | R2=0.0381Ω | R1=23792.9Ω | 10mm square | Power Choke Coils for Automotive application,Production,,,,https://industrial.panasonic.com/ww/products/pt/automotive-inductors/models/ETQP4M150KVC,Panasonic official PCC_Spara zip,官方PDF抽取,2026-04-19 17:36,Panasonic PCC_Spara | ETQP4M150KVC,,,,,,,,,,,,,,,,,,14.3038,uH,,,,,Power Choke Coils for Automotive application,panasonic_pcc_spara,,,,,,,,,,,10mm square
Panasonic(松下),ETQP4M150KVK,ETQP4M150,,,,,,,Automotive,Source archive: ETQP4M150KVK,Model PDF: ETQP4M150KVK,Power model page: https://industrial.panasonic.com/ww/products/pt/automotive-inductors/models/ETQP4M150KVK,功率电感,SMT,ETQP4M150,8mm square,L1=14.064uH | C1=15.6pF | R2=0.0562Ω | R1=24895.7Ω | 8mm square | Power Choke Coils for Automotive application,Production,,,,https://industrial.panasonic.com/ww/products/pt/automotive-inductors/models/ETQP4M150KVK,Panasonic official PCC_Spara zip,官方PDF抽取,2026-04-19 17:36,Panasonic PCC_Spara | ETQP4M150KVK,,,,,,,,,,,,,,,,,,14.064,uH,,,,,Power Choke Coils for Automotive application,panasonic_pcc_spara,,,,,,,,,,,8mm square
Panasonic(松下),ETQP4M1R0KVC,ETQP4M1R0,,,,,,,Automotive,Source archive: ETQP4M1R0KVC,Model PDF: ETQP4M1R0KVC,Power model page: https://industrial.panasonic.com/ww/products/pt/automotive-inductors/models/ETQP4M1R0KVC,功率电感,SMT,ETQP4M1R0,10mm square,L1=0.8988uH | C1=14.02pF | R2=0.0026Ω | R1=1720.12Ω | 10mm square | Power Choke Coils for Automotive application,Production,,,,https://industrial.panasonic.com/ww/products/pt/automotive-inductors/models/ETQP4M1R0KVC,Panasonic official PCC_Spara zip,官方PDF抽取,2026-04-19 17:36,Panasonic PCC_Spara | ETQP4M1R0KVC,,,,,,,,,,,,,,,,,,0.8988,uH,,,,,Power Choke Coils for Automotive application,panasonic_pcc_spara,,,,,,,,,,,10mm square
Panasonic(松下),ETQP4M1R0KVK,ETQP4M1R0,,,,,,,Automotive,Source archive: ETQP4M1R0KVK,Model PDF: ETQP4M1R0KVK,Power model page: https://industrial.panasonic.com/ww/products/pt/automotive-inductors/models/ETQP4M1R0KVK,功率电感,SMT,ETQP4M1R0,8mm square,L1=0.9574uH | C1=11.68pF | R2=0.0038Ω | R1=1901.18Ω | 8mm square | Power Choke Coils for Automotive application,Production,,,,https://industrial.panasonic.com/ww/products/pt/automotive-inductors/models/ETQP4M1R0KVK,Panasonic official PCC_Spara zip,官方PDF抽取,2026-04-19 17:36,Panasonic PCC_Spara | ETQP4M1R0KVK,,,,,,,,,,,,,,,,,,0.9574,uH,,,,,Power Choke Coils for Automotive application,panasonic_pcc_spara,,,,,,,,,,,8mm square
Panasonic(松下),ETQP3M1R2KFM,ETQP3M1R2,,,,,,,Automotive,Source archive: ETQP4M1R2KFM,Model PDF: ETQP3M1R2KFM,Power model page: https://industrial.panasonic.com/ww/products/pt/automotive-inductors/models/ETQP3M1R2KFM,功率电感,SMT,ETQP3M1R2,,Power Choke Coils for Automotive application,Production,,,,https://industrial.panasonic.com/ww/products/pt/automotive-inductors/models/ETQP3M1R2KFM,Panasonic official PCC_Spara zip,官方PDF抽取,2026-04-19 17:36,Panasonic PCC_Spara | ETQP4M1R2KFM,,,,,,,,,,,,,,,,,,,,,,,,Power Choke Coils for Automotive application,panasonic_pcc_spara,,,,,,,,,,,
Panasonic(松下),ETQP4M1R5KFM,ETQP4M1R5,,,,,,,Automotive,Source archive: ETQP4M1R5KFM,Model PDF: ETQP4M1R5KFM,Power model page: https://industrial.panasonic.com/ww/products/pt/automotive-inductors/models/ETQP4M1R5KFM,功率电感,SMT,ETQP4M1R5,,Power Choke Coils for Automotive application,Production,,,,https://industrial.panasonic.com/ww/products/pt/automotive-inductors/models/ETQP4M1R5KFM,Panasonic official PCC_Spara zip,官方PDF抽取,2026-04-19 17:36,Panasonic PCC_Spara | ETQP4M1R5KFM,,,,,,,,,,,,,,,,,,,,,,,,Power Choke Coils for Automotive application,panasonic_pcc_spara,,,,,,,,,,,
Panasonic(松下),ETQP4M1R5KVC,ETQP4M1R5,,,,,,,Automotive,Source archive: ETQP4M1R5KVC,Model PDF: ETQP4M1R5KVC,Power model page: https://industrial.panasonic.com/ww/products/pt/automotive-inductors/models/ETQP4M1R5KVC,功率电感,SMT,ETQP4M1R5,10mm square,L1=1.5119uH | C1=14.46pF | R2=0.0048Ω | R1=2957.82Ω | 10mm square | Power Choke Coils for Automotive application,Production,,,,https://industrial.panasonic.com/ww/products/pt/automotive-inductors/models/ETQP4M1R5KVC,Panasonic official PCC_Spara zip,官方PDF抽取,2026-04-19 17:36,Panasonic PCC_Spara | ETQP4M1R5KVC,,,,,,,,,,,,,,,,,,1.5119,uH,,,,,Power Choke Coils for Automotive application,panasonic_pcc_spara,,,,,,,,,,,10mm square
Panasonic(松下),ETQP4M1R5KVK,ETQP4M1R5,,,,,,,Automotive,Source archive: ETQP4M1R5KVK,Model PDF: ETQP4M1R5KVK,Power model page: https://industrial.panasonic.com/ww/products/pt/automotive-inductors/models/ETQP4M1R5KVK,功率电感,SMT,ETQP4M1R5,8mm square,L1=1.3541uH | C1=13.77pF | R2=0.0047Ω | R1=2652.52Ω | 8mm square | Power Choke Coils for Automotive application,Production,,,,https://industrial.panasonic.com/ww/products/pt/automotive-inductors/models/ETQP4M1R5KVK,Panasonic official PCC_Spara zip,官方PDF抽取,2026-04-19 17:36,Panasonic PCC_Spara | ETQP4M1R5KVK,,,,,,,,,,,,,,,,,,1.3541,uH,,,,,Power Choke Coils for Automotive application,panasonic_pcc_spara,,,,,,,,,,,8mm square
Panasonic(松下),ETQP4M220KFM,ETQP4M220,,,,,,,Automotive,Source archive: ETQP4M220KFM,Model PDF: ETQP4M220KFM,Power model page: https://industrial.panasonic.com/ww/products/pt/automotive-inductors/models/ETQP4M220KFM,功率电感,SMT,ETQP4M220,7mm square,L1=21.7359uH | C1=15.19pF | R2=0.0841Ω | R1=28160.47Ω | 7mm square | Power Choke Coils for Automotive application,Production,,,,https://industrial.panasonic.com/ww/products/pt/automotive-inductors/models/ETQP4M220KFM,Panasonic official PCC_Spara zip,官方PDF抽取,2026-04-19 17:36,Panasonic PCC_Spara | ETQP4M220KFM,,,,,,,,,,,,,,,,,,21.7359,uH,,,,,Power Choke Coils for Automotive application,panasonic_pcc_spara,,,,,,,,,,,7mm square
Panasonic(松下),ETQP4M220KFN,ETQP4M220,,,,,,,Automotive,Source archive: ETQP4M220KFN,Model PDF: ETQP4M220KFN,Power model page: https://industrial.panasonic.com/ww/products/pt/automotive-inductors/models/ETQP4M220KFN,功率电感,SMT,ETQP4M220,,Power Choke Coils for Automotive application,Production,,,,https://industrial.panasonic.com/ww/products/pt/automotive-inductors/models/ETQP4M220KFN,Panasonic official PCC_Spara zip,官方PDF抽取,2026-04-19 17:36,Panasonic PCC_Spara | ETQP4M220KFN,,,,,,,,,,,,,,,,,,,,,,,,Power Choke Coils for Automotive application,panasonic_pcc_spara,,,,,,,,,,,
Panasonic(松下),ETQP4M220KVC,ETQP4M220,,,,,,,Automotive,Source archive: ETQP4M220KVC,Model PDF: ETQP4M220KVC,Power model page: https://industrial.panasonic.com/ww/products/pt/automotive-inductors/models/ETQP4M220KVC,功率电感,SMT,ETQP4M220,10mm square,L1=21.1046uH | C1=20.03pF | R2=0.0593Ω | R1=27198.7Ω | 10mm square | Power Choke Coils for Automotive application,Production,,,,https://industrial.panasonic.com/ww/products/pt/automotive-inductors/models/ETQP4M220KVC,Panasonic official PCC_Spara zip,官方PDF抽取,2026-04-19 17:36,Panasonic PCC_Spara | ETQP4M220KVC,,,,,,,,,,,,,,,,,,21.1046,uH,,,,,Power Choke Coils for Automotive application,panasonic_pcc_spara,,,,,,,,,,,10mm square
Panasonic(松下),ETQP4M220KVK,ETQP4M220,,,,,,,Automotive,Source archive: ETQP4M220KVK,Model PDF: ETQP4M220KVK,Power model page: https://industrial.panasonic.com/ww/products/pt/automotive-inductors/models/ETQP4M220KVK,功率电感,SMT,ETQP4M220,8mm square,L1=22.0241uH | C1=14.88pF | R2=0.0777Ω | R1=33222.2Ω | 8mm square | Power Choke Coils for Automotive application,Production,,,,https://industrial.panasonic.com/ww/products/pt/automotive-inductors/models/ETQP4M220KVK,Panasonic official PCC_Spara zip,官方PDF抽取,2026-04-19 17:36,Panasonic PCC_Spara | ETQP4M220KVK,,,,,,,,,,,,,,,,,,22.0241,uH,,,,,Power Choke Coils for Automotive application,panasonic_pcc_spara,,,,,,,,,,,8mm square
Panasonic(松下),ETQP4M220YFN,ETQP4M220,,,,,,,Automotive,Source archive: ETQP4M220YFN,Model PDF: ETQP4M220YFN,Power model page: https://industrial.panasonic.com/ww/products/pt/automotive-inductors/models/ETQP4M220YFN,功率电感,SMT,ETQP4M220,6mm square,L1=21.6278uH | C1=10.91pF | R2=0.126Ω | R1=21021.6697Ω | 6mm square | Power Choke Coils for Automotive application,Production,,,,https://industrial.panasonic.com/ww/products/pt/automotive-inductors/models/ETQP4M220YFN,Panasonic official PCC_Spara zip,官方PDF抽取,2026-04-19 17:36,Panasonic PCC_Spara | ETQP4M220YFN,,,,,,,,,,,,,,,,,,21.6278,uH,,,,,Power Choke Coils for Automotive application,panasonic_pcc_spara,,,,,,,,,,,6mm square
Panasonic(松下),ETQP4M220YFP,ETQP4M220,,,,,,,Automotive,Source archive: ETQP4M220YFP,Model PDF: ETQP4M220YFP,Power model page: https://industrial.panasonic.com/ww/products/pt/automotive-inductors/models/ETQP4M220YFP,功率电感,SMT,ETQP4M220,5mm square,L1=21.8901uH | C1=8.39pF | R2=0.163Ω | R1=18766.4927Ω | 5mm square | Power Choke Coils for Automotive application,Production,,,,https://industrial.panasonic.com/ww/products/pt/automotive-inductors/models/ETQP4M220YFP,Panasonic official PCC_Spara zip,官方PDF抽取,2026-04-19 17:36,Panasonic PCC_Spara | ETQP4M220YFP,,,,,,,,,,,,,,,,,,21.8901,uH,,,,,Power Choke Coils for Automotive application,panasonic_pcc_spara,,,,,,,,,,,5mm square
Panasonic(松下),ETQP4M2R2KFM,ETQP4M2R2,,,,,,,Automotive,Source archive: ETQP4M2R2KFM,Model PDF: ETQP4M2R2KFM,Power model page: https://industrial.panasonic.com/ww/products/pt/automotive-inductors/models/ETQP4M2R2KFM,功率电感,SMT,ETQP4M2R2,,Power Choke Coils for Automotive application,Production,,,,https://industrial.panasonic.com/ww/products/pt/automotive-inductors/models/ETQP4M2R2KFM,Panasonic official PCC_Spara zip,官方PDF抽取,2026-04-19 17:36,Panasonic PCC_Spara | ETQP4M2R2KFM,,,,,,,,,,,,,,,,,,,,,,,,Power Choke Coils for Automotive application,panasonic_pcc_spara,,,,,,,,,,,
Panasonic(松下),ETQP4M2R2KFN,ETQP4M2R2,,,,,,,Automotive,Source archive: ETQP4M2R2KFN,Model PDF: ETQP4M2R2KFN,Power model page: https://industrial.panasonic.com/ww/products/pt/automotive-inductors/models/ETQP4M2R2KFN,功率电感,SMT,ETQP4M2R2,,Power Choke Coils for Automotive application,Production,,,,https://industrial.panasonic.com/ww/products/pt/automotive-inductors/models/ETQP4M2R2KFN,Panasonic official PCC_Spara zip,官方PDF抽取,2026-04-19 17:36,Panasonic PCC_Spara | ETQP4M2R2KFN,,,,,,,,,,,,,,,,,,,,,,,,Power Choke Coils for Automotive application,panasonic_pcc_spara,,,,,,,,,,,
Panasonic(松下),ETQP4M2R2KVC,ETQP4M2R2,,,,,,,Automotive,Source archive: ETQP4M2R2KVC,Model PDF: ETQP4M2R2KVC,Power model page: https://industrial.panasonic.com/ww/products/pt/automotive-inductors/models/ETQP4M2R2KVC,功率电感,SMT,ETQP4M2R2,10mm square,L1=2.1539uH | C1=15.37pF | R2=0.0068Ω | R1=4197.18Ω | 10mm square | Power Choke Coils for Automotive application,Production,,,,https://industrial.panasonic.com/ww/products/pt/automotive-inductors/models/ETQP4M2R2KVC,Panasonic official PCC_Spara zip,官方PDF抽取,2026-04-19 17:36,Panasonic PCC_Spara | ETQP4M2R2KVC,,,,,,,,,,,,,,,,,,2.1539,uH,,,,,Power Choke Coils for Automotive application,panasonic_pcc_spara,,,,,,,,,,,10mm square
Panasonic(松下),ETQP4M2R2KVK,ETQP4M2R2,,,,,,,Automotive,Source archive: ETQP4M2R2KVK,Model PDF: ETQP4M2R2KVK,Power model page: https://industrial.panasonic.com/ww/products/pt/automotive-inductors/models/ETQP4M2R2KVK,功率电感,SMT,ETQP4M2R2,8mm square,L1=2.1333uH | C1=13.78pF | R2=0.0084Ω | R1=3921.85Ω | 8mm square | Power Choke Coils for Automotive application,Production,,,,https://industrial.panasonic.com/ww/products/pt/automotive-inductors/models/ETQP4M2R2KVK,Panasonic official PCC_Spara zip,官方PDF抽取,2026-04-19 17:36,Panasonic PCC_Spara | ETQP4M2R2KVK,,,,,,,,,,,,,,,,,,2.1333,uH,,,,,Power Choke Coils for Automotive application,panasonic_pcc_spara,,,,,,,,,,,8mm square
Panasonic(松下),ETQP4M2R2YFN,ETQP4M2R2,,,,,,,Automotive,Source archive: ETQP4M2R2YFN,Model PDF: ETQP4M2R2YFN,Power model page: https://industrial.panasonic.com/ww/products/pt/automotive-inductors/models/ETQP4M2R2YFN,功率电感,SMT,ETQP4M2R2,6mm square,L1=2.2066uH | C1=12.55pF | R2=0.0104Ω | R1=3025.2279Ω | 6mm square | Power Choke Coils for Automotive application,Production,,,,https://industrial.panasonic.com/ww/products/pt/automotive-inductors/models/ETQP4M2R2YFN,Panasonic official PCC_Spara zip,官方PDF抽取,2026-04-19 17:36,Panasonic PCC_Spara | ETQP4M2R2YFN,,,,,,,,,,,,,,,,,,2.2066,uH,,,,,Power Choke Coils for Automotive application,panasonic_pcc_spara,,,,,,,,,,,6mm square
Panasonic(松下),ETQP4M330KFM,ETQP4M330,,,,,,,Automotive,Source archive: ETQP4M330KFM,Model PDF: ETQP4M330KFM,Power model page: https://industrial.panasonic.com/ww/products/pt/automotive-inductors/models/ETQP4M330KFM,功率电感,SMT,ETQP4M330,,Power Choke Coils for Automotive application,Production,,,,https://industrial.panasonic.com/ww/products/pt/automotive-inductors/models/ETQP4M330KFM,Panasonic official PCC_Spara zip,官方PDF抽取,2026-04-19 17:36,Panasonic PCC_Spara | ETQP4M330KFM,,,,,,,,,,,,,,,,,,,,,,,,Power Choke Coils for Automotive application,panasonic_pcc_spara,,,,,,,,,,,
Panasonic(松下),ETQP4M330KVC,ETQP4M330,,,,,,,Automotive,Source archive: ETQP4M330KVC,Model PDF: ETQP4M330KVC,Power model page: https://industrial.panasonic.com/ww/products/pt/automotive-inductors/models/ETQP4M330KVC,功率电感,SMT,ETQP4M330,10mm square,L1=31.3553uH | C1=23.08pF | R2=0.0862Ω | R1=33963.2Ω | 10mm square | Power Choke Coils for Automotive application,Production,,,,https://industrial.panasonic.com/ww/products/pt/automotive-inductors/models/ETQP4M330KVC,Panasonic official PCC_Spara zip,官方PDF抽取,2026-04-19 17:36,Panasonic PCC_Spara | ETQP4M330KVC,,,,,,,,,,,,,,,,,,31.3553,uH,,,,,Power Choke Coils for Automotive application,panasonic_pcc_spara,,,,,,,,,,,10mm square
Panasonic(松下),ETQP4M330KVK,ETQP4M330,,,,,,,Automotive,Source archive: ETQP4M330KVK,Model PDF: ETQP4M330KVK,Power model page: https://industrial.panasonic.com/ww/products/pt/automotive-inductors/models/ETQP4M330KVK,功率电感,SMT,ETQP4M330,8mm square,L1=32.6762uH | C1=16.62pF | R2=0.1211Ω | R1=32547.7Ω | 8mm square | Power Choke Coils for Automotive application,Production,,,,https://industrial.panasonic.com/ww/products/pt/automotive-inductors/models/ETQP4M330KVK,Panasonic official PCC_Spara zip,官方PDF抽取,2026-04-19 17:36,Panasonic PCC_Spara | ETQP4M330KVK,,,,,,,,,,,,,,,,,,32.6762,uH,,,,,Power Choke Coils for Automotive application,panasonic_pcc_spara,,,,,,,,,,,8mm square
Panasonic(松下),ETQP4M330YFN,ETQP4M330,,,,,,,Automotive,Source archive: ETQP4M330YFN,Model PDF: ETQP4M330YFN,Power model page: https://industrial.panasonic.com/ww/products/pt/automotive-inductors/models/ETQP4M330YFN,功率电感,SMT,ETQP4M330,6mm square,L1=34.0339uH | C1=13.32pF | R2=0.172Ω | R1=25107.5019Ω | 6mm square | Power Choke Coils for Automotive application,Production,,,,https://industrial.panasonic.com/ww/products/pt/automotive-inductors/models/ETQP4M330YFN,Panasonic official PCC_Spara zip,官方PDF抽取,2026-04-19 17:36,Panasonic PCC_Spara | ETQP4M330YFN,,,,,,,,,,,,,,,,,,34.0339,uH,,,,,Power Choke Coils for Automotive application,panasonic_pcc_spara,,,,,,,,,,,6mm square
Panasonic(松下),ETQP4M3R3KFN,ETQP4M3R3,,,,,,,Automotive,Source archive: ETQP4M3R3KFN,Model PDF: ETQP4M3R3KFN,Power model page: https://industrial.panasonic.com/ww/products/pt/automotive-inductors/models/ETQP4M3R3KFN,功率电感,SMT,ETQP4M3R3,6mm square,L1=3.1719uH | C1=13.49pF | R2=0.0131Ω | R1=57723.53Ω | 6mm square | Power Choke Coils for Automotive application,Production,,,,https://industrial.panasonic.com/ww/products/pt/automotive-inductors/models/ETQP4M3R3KFN,Panasonic official PCC_Spara zip,官方PDF抽取,2026-04-19 17:36,Panasonic PCC_Spara | ETQP4M3R3KFN,,,,,,,,,,,,,,,,,,3.1719,uH,,,,,Power Choke Coils for Automotive application,panasonic_pcc_spara,,,,,,,,,,,6mm square
Panasonic(松下),ETQP4M3R3KVC,ETQP4M3R3,,,,,,,Automotive,Source archive: ETQP4M3R3KVC,Model PDF: ETQP4M3R3KVC,Power model page: https://industrial.panasonic.com/ww/products/pt/automotive-inductors/models/ETQP4M3R3KVC,功率电感,SMT,ETQP4M3R3,10mm square,L1=3.2859uH | C1=18.25pF | R2=0.0092Ω | R1=6394.78Ω | 10mm square | Power Choke Coils for Automotive application,Production,,,,https://industrial.panasonic.com/ww/products/pt/automotive-inductors/models/ETQP4M3R3KVC,Panasonic official PCC_Spara zip,官方PDF抽取,2026-04-19 17:36,Panasonic PCC_Spara | ETQP4M3R3KVC,,,,,,,,,,,,,,,,,,3.2859,uH,,,,,Power Choke Coils for Automotive application,panasonic_pcc_spara,,,,,,,,,,,10mm square
Panasonic(松下),ETQP4M3R3KVK,ETQP4M3R3,,,,,,,Automotive,Source archive: ETQP4M3R3KVK,Model PDF: ETQP4M3R3KVK,Power model page: https://industrial.panasonic.com/ww/products/pt/automotive-inductors/models/ETQP4M3R3KVK,功率电感,SMT,ETQP4M3R3,8mm square,L1=3.3459uH | C1=15.34pF | R2=0.0142Ω | R1=6678.23Ω | 8mm square | Power Choke Coils for Automotive application,Production,,,,https://industrial.panasonic.com/ww/products/pt/automotive-inductors/models/ETQP4M3R3KVK,Panasonic official PCC_Spara zip,官方PDF抽取,2026-04-19 17:36,Panasonic PCC_Spara | ETQP4M3R3KVK,,,,,,,,,,,,,,,,,,3.3459,uH,,,,,Power Choke Coils for Automotive application,panasonic_pcc_spara,,,,,,,,,,,8mm square
Panasonic(松下),ETQP4M3R3YFN,ETQP4M3R3,,,,,,,Automotive,Source archive: ETQP4M3R3YFN,Model PDF: ETQP4M3R3YFN,Power model page: https://industrial.panasonic.com/ww/products/pt/automotive-inductors/models/ETQP4M3R3YFN,功率电感,SMT,ETQP4M3R3,6mm square,L1=3.3938uH | C1=12.06pF | R2=0.0154Ω | R1=4716.7674Ω | 6mm square | Power Choke Coils for Automotive application,Production,,,,https://industrial.panasonic.com/ww/products/pt/automotive-inductors/models/ETQP4M3R3YFN,Panasonic official PCC_Spara zip,官方PDF抽取,2026-04-19 17:36,Panasonic PCC_Spara | ETQP4M3R3YFN,,,,,,,,,,,,,,,,,,3.3938,uH,,,,,Power Choke Coils for Automotive application,panasonic_pcc_spara,,,,,,,,,,,6mm square
Panasonic(松下),ETQP4M470KFM,ETQP4M470,,,,,,,Automotive,Source archive: ETQP4M470KFM,Model PDF: ETQP4M470KFM,Power model page: https://industrial.panasonic.com/ww/products/pt/automotive-inductors/models/ETQP4M470KFM,功率电感,SMT,ETQP4M470,7mm square,L1=45.9015uH | C1=20.4pF | R2=0.1464Ω | R1=3881.53Ω | 7mm square | Power Choke Coils for Automotive application,Production,,,,https://industrial.panasonic.com/ww/products/pt/automotive-inductors/models/ETQP4M470KFM,Panasonic official PCC_Spara zip,官方PDF抽取,2026-04-19 17:36,Panasonic PCC_Spara | ETQP4M470KFM,,,,,,,,,,,,,,,,,,45.9015,uH,,,,,Power Choke Coils for Automotive application,panasonic_pcc_spara,,,,,,,,,,,7mm square
Panasonic(松下),ETQP4M470KVC,ETQP4M470,,,,,,,Automotive,Source archive: ETQP4M470KVC,Model PDF: ETQP4M470KVC,Power model page: https://industrial.panasonic.com/ww/products/pt/automotive-inductors/models/ETQP4M470KVC,功率电感,SMT,ETQP4M470,10mm square,L1=46.3068uH | C1=21.87pF | R2=0.1369Ω | R1=42407.7Ω | 10mm square | Power Choke Coils for Automotive application,Production,,,,https://industrial.panasonic.com/ww/products/pt/automotive-inductors/models/ETQP4M470KVC,Panasonic official PCC_Spara zip,官方PDF抽取,2026-04-19 17:36,Panasonic PCC_Spara | ETQP4M470KVC,,,,,,,,,,,,,,,,,,46.3068,uH,,,,,Power Choke Coils for Automotive application,panasonic_pcc_spara,,,,,,,,,,,10mm square
Panasonic(松下),ETQP4M470YFN,ETQP4M470,,,,,,,Automotive,Source archive: ETQP4M470YFN,Model PDF: ETQP4M470YFN,Power model page: https://industrial.panasonic.com/ww/products/pt/automotive-inductors/models/ETQP4M470YFN,功率电感,SMT,ETQP4M470,6mm square,L1=49.7057uH | C1=14.46pF | R2=0.21Ω | R1=27770.8453Ω | 6mm square | Power Choke Coils for Automotive application,Production,,,,https://industrial.panasonic.com/ww/products/pt/automotive-inductors/models/ETQP4M470YFN,Panasonic official PCC_Spara zip,官方PDF抽取,2026-04-19 17:36,Panasonic PCC_Spara | ETQP4M470YFN,,,,,,,,,,,,,,,,,,49.7057,uH,,,,,Power Choke Coils for Automotive application,panasonic_pcc_spara,,,,,,,,,,,6mm square
Panasonic(松下),ETQP4M4R7KFM,ETQP4M4R7,,,,,,,Automotive,Source archive: ETQP4M4R7KFM,Model PDF: ETQP4M4R7KFM,Power model page: https://industrial.panasonic.com/ww/products/pt/automotive-inductors/models/ETQP4M4R7KFM,功率电感,SMT,ETQP4M4R7,7mm square,L1=4.4749uH | C1=15.68pF | R2=0.0167Ω | R1=79582.53Ω | 7mm square | Power Choke Coils for Automotive application,Production,,,,https://industrial.panasonic.com/ww/products/pt/automotive-inductors/models/ETQP4M4R7KFM,Panasonic official PCC_Spara zip,官方PDF抽取,2026-04-19 17:36,Panasonic PCC_Spara | ETQP4M4R7KFM,,,,,,,,,,,,,,,,,,4.4749,uH,,,,,Power Choke Coils for Automotive application,panasonic_pcc_spara,,,,,,,,,,,7mm square
Panasonic(松下),ETQP4M4R7KFN,ETQP4M4R7,,,,,,,Automotive,Source archive: ETQP4M4R7KFN,Model PDF: ETQP4M4R7KFN,Power model page: https://industrial.panasonic.com/ww/products/pt/automotive-inductors/models/ETQP4M4R7KFN,功率电感,SMT,ETQP4M4R7,6mm square,L1=4.5872uH | C1=15.16pF | R2=0.0209Ω | R1=80496.63Ω | 6mm square | Power Choke Coils for Automotive application,Production,,,,https://industrial.panasonic.com/ww/products/pt/automotive-inductors/models/ETQP4M4R7KFN,Panasonic official PCC_Spara zip,官方PDF抽取,2026-04-19 17:36,Panasonic PCC_Spara | ETQP4M4R7KFN,,,,,,,,,,,,,,,,,,4.5872,uH,,,,,Power Choke Coils for Automotive application,panasonic_pcc_spara,,,,,,,,,,,6mm square
Panasonic(松下),ETQP4M4R7KVC,ETQP4M4R7,,,,,,,Automotive,Source archive: ETQP4M4R7KVC,Model PDF: ETQP4M4R7KVC,Power model page: https://industrial.panasonic.com/ww/products/pt/automotive-inductors/models/ETQP4M4R7KVC,功率电感,SMT,ETQP4M4R7,10mm square,L1=4.4997uH | C1=20.34pF | R2=0.0118Ω | R1=8647.81Ω | 10mm square | Power Choke Coils for Automotive application,Production,,,,https://industrial.panasonic.com/ww/products/pt/automotive-inductors/models/ETQP4M4R7KVC,Panasonic official PCC_Spara zip,官方PDF抽取,2026-04-19 17:36,Panasonic PCC_Spara | ETQP4M4R7KVC,,,,,,,,,,,,,,,,,,4.4997,uH,,,,,Power Choke Coils for Automotive application,panasonic_pcc_spara,,,,,,,,,,,10mm square
Panasonic(松下),ETQP4M4R7KVK,ETQP4M4R7,,,,,,,Automotive,Source archive: ETQP4M4R7KVK,Model PDF: ETQP4M4R7KVK,Power model page: https://industrial.panasonic.com/ww/products/pt/automotive-inductors/models/ETQP4M4R7KVK,功率电感,SMT,ETQP4M4R7,8mm square,L1=4.2341uH | C1=18.91pF | R2=0.0162Ω | R1=7459.11Ω | 8mm square | Power Choke Coils for Automotive application,Production,,,,https://industrial.panasonic.com/ww/products/pt/automotive-inductors/models/ETQP4M4R7KVK,Panasonic official PCC_Spara zip,官方PDF抽取,2026-04-19 17:36,Panasonic PCC_Spara | ETQP4M4R7KVK,,,,,,,,,,,,,,,,,,4.2341,uH,,,,,Power Choke Coils for Automotive application,panasonic_pcc_spara,,,,,,,,,,,8mm square
Panasonic(松下),ETQP4M4R7YFP,ETQP4M4R7,,,,,,,Automotive,Source archive: ETQP4M4R7YFP,Model PDF: ETQP4M4R7YFP,Power model page: https://industrial.panasonic.com/ww/products/pt/automotive-inductors/models/ETQP4M4R7YFP,功率电感,SMT,ETQP4M4R7,5mm square,L1=4.4458uH | C1=8.35pF | R2=0.036Ω | R1=4847.1608Ω | 5mm square | Power Choke Coils for Automotive application,Production,,,,https://industrial.panasonic.com/ww/products/pt/automotive-inductors/models/ETQP4M4R7YFP,Panasonic official PCC_Spara zip,官方PDF抽取,2026-04-19 17:36,Panasonic PCC_Spara | ETQP4M4R7YFP,,,,,,,,,,,,,,,,,,4.4458,uH,,,,,Power Choke Coils for Automotive application,panasonic_pcc_spara,,,,,,,,,,,5mm square
Panasonic(松下),ETQP4M680KVC,ETQP4M680,,,,,,,Automotive,Source archive: ETQP4M680KVC,Model PDF: ETQP4M680KVC,Power model page: https://industrial.panasonic.com/ww/products/pt/automotive-inductors/models/ETQP4M680KVC,功率电感,SMT,ETQP4M680,,Power Choke Coils for Automotive application,Production,,,,https://industrial.panasonic.com/ww/products/pt/automotive-inductors/models/ETQP4M680KVC,Panasonic official PCC_Spara zip,官方PDF抽取,2026-04-19 17:36,Panasonic PCC_Spara | ETQP4M680KVC,,,,,,,,,,,,,,,,,,,,,,,,Power Choke Coils for Automotive application,panasonic_pcc_spara,,,,,,,,,,,
Panasonic(松下),ETQP4M6R8KFN,ETQP4M6R8,,,,,,,Automotive,Source archive: ETQP4M6R8KFN,Model PDF: ETQP4M6R8KFN,Power model page: https://industrial.panasonic.com/ww/products/pt/automotive-inductors/models/ETQP4M6R8KFN,功率电感,SMT,ETQP4M6R8,,Power Choke Coils for Automotive application,Production,,,,https://industrial.panasonic.com/ww/products/pt/automotive-inductors/models/ETQP4M6R8KFN,Panasonic official PCC_Spara zip,官方PDF抽取,2026-04-19 17:36,Panasonic PCC_Spara | ETQP4M6R8KFN,,,,,,,,,,,,,,,,,,,,,,,,Power Choke Coils for Automotive application,panasonic_pcc_spara,,,,,,,,,,,
Panasonic(松下),ETQP4M6R8KVC,ETQP4M6R8,,,,,,,Automotive,Source archive: ETQP4M6R8KVC,Model PDF: ETQP4M6R8KVC,Power model page: https://industrial.panasonic.com/ww/products/pt/automotive-inductors/models/ETQP4M6R8KVC,功率电感,SMT,ETQP4M6R8,10mm square,L1=6.1309uH | C1=22.92pF | R2=0.0188Ω | R1=11661.1Ω | 10mm square | Power Choke Coils for Automotive application,Production,,,,https://industrial.panasonic.com/ww/products/pt/automotive-inductors/models/ETQP4M6R8KVC,Panasonic official PCC_Spara zip,官方PDF抽取,2026-04-19 17:36,Panasonic PCC_Spara | ETQP4M6R8KVC,,,,,,,,,,,,,,,,,,6.1309,uH,,,,,Power Choke Coils for Automotive application,panasonic_pcc_spara,,,,,,,,,,,10mm square
Panasonic(松下),ETQP4M6R8KVK,ETQP4M6R8,,,,,,,Automotive,Source archive: ETQP4M6R8KVK,Model PDF: ETQP4M6R8KVK,Power model page: https://industrial.panasonic.com/ww/products/pt/automotive-inductors/models/ETQP4M6R8KVK,功率电感,SMT,ETQP4M6R8,8mm square,L1=6.6168uH | C1=21.13pF | R2=0.0239Ω | R1=12107.1Ω | 8mm square | Power Choke Coils for Automotive application,Production,,,,https://industrial.panasonic.com/ww/products/pt/automotive-inductors/models/ETQP4M6R8KVK,Panasonic official PCC_Spara zip,官方PDF抽取,2026-04-19 17:36,Panasonic PCC_Spara | ETQP4M6R8KVK,,,,,,,,,,,,,,,,,,6.6168,uH,,,,,Power Choke Coils for Automotive application,panasonic_pcc_spara,,,,,,,,,,,8mm square
Panasonic(松下),ETQP4M6R8YFN,ETQP4M6R8,,,,,,,Automotive,Source archive: ETQP4M6R8YFN,Model PDF: ETQP4M6R8YFN,Power model page: https://industrial.panasonic.com/ww/products/pt/automotive-inductors/models/ETQP4M6R8YFN,功率电感,SMT,ETQP4M6R8,6mm square,L1=6.9409uH | C1=12.84pF | R2=0.0393Ω | R1=8065.0246Ω | 6mm square | Power Choke Coils for Automotive application,Production,,,,https://industrial.panasonic.com/ww/products/pt/automotive-inductors/models/ETQP4M6R8YFN,Panasonic official PCC_Spara zip,官方PDF抽取,2026-04-19 17:36,Panasonic PCC_Spara | ETQP4M6R8YFN,,,,,,,,,,,,,,,,,,6.9409,uH,,,,,Power Choke Coils for Automotive application,panasonic_pcc_spara,,,,,,,,,,,6mm square
Panasonic(松下),ETQP4M8R2KFN,ETQP4M8R2,,,,,,,Automotive,Source archive: ETQP4M8R2KFN,Model PDF: ETQP4M8R2KFN,Power model page: https://industrial.panasonic.com/ww/products/pt/automotive-inductors/models/ETQP4M8R2KFN,功率电感,SMT,ETQP4M8R2,,Power Choke Coils for Automotive application,Production,,,,https://industrial.panasonic.com/ww/products/pt/automotive-inductors/models/ETQP4M8R2KFN,Panasonic official PCC_Spara zip,官方PDF抽取,2026-04-19 17:36,Panasonic PCC_Spara | ETQP4M8R2KFN,,,,,,,,,,,,,,,,,,,,,,,,Power Choke Coils for Automotive application,panasonic_pcc_spara,,,,,,,,,,,
Panasonic(松下),ETQP4MR33KLC,ETQP4MR33,,,,,,,Automotive,Source archive: ETQP4MR33KLC,Model PDF: ETQP4MR33KLC,Power model page: https://industrial.panasonic.com/ww/products/pt/automotive-inductors/models/ETQP4MR33KLC,功率电感,SMT,ETQP4MR33,,Power Choke Coils for Automotive application,Production,,,,https://industrial.panasonic.com/ww/products/pt/automotive-inductors/models/ETQP4MR33KLC,Panasonic official PCC_Spara zip,官方PDF抽取,2026-04-19 17:36,Panasonic PCC_Spara | ETQP4MR33KLC,,,,,,,,,,,,,,,,,,,,,,,,Power Choke Coils for Automotive application,panasonic_pcc_spara,,,,,,,,,,,
Panasonic(松下),ETQP4MR47KFM,ETQP4MR47,,,,,,,Automotive,Source archive: ETQP4MR47KFM,Model PDF: ETQP4MR47KFM,Power model page: https://industrial.panasonic.com/ww/products/pt/automotive-inductors/models/ETQP4MR47KFM,功率电感,SMT,ETQP4MR47,,Power Choke Coils for Automotive application,Production,,,,https://industrial.panasonic.com/ww/products/pt/automotive-inductors/models/ETQP4MR47KFM,Panasonic official PCC_Spara zip,官方PDF抽取,2026-04-19 17:36,Panasonic PCC_Spara | ETQP4MR47KFM,,,,,,,,,,,,,,,,,,,,,,,,Power Choke Coils for Automotive application,panasonic_pcc_spara,,,,,,,,,,,
Panasonic(松下),ETQP4MR47KLC,ETQP4MR47,,,,,,,Automotive,Source archive: ETQP4MR47KLC,Model PDF: ETQP4MR47KLC,Power model page: https://industrial.panasonic.com/ww/products/pt/automotive-inductors/models/ETQP4MR47KLC,功率电感,SMT,ETQP4MR47,,Power Choke Coils for Automotive application,Production,,,,https://industrial.panasonic.com/ww/products/pt/automotive-inductors/models/ETQP4MR47KLC,Panasonic official PCC_Spara zip,官方PDF抽取,2026-04-19 17:36,Panasonic PCC_Spara | ETQP4MR47KLC,,,,,,,,,,,,,,,,,,,,,,,,Power Choke Coils for Automotive application,panasonic_pcc_spara,,,,,,,,,,,
Panasonic(松下),ETQP4MR47KVK,ETQP4MR47,,,,,,,Automotive,Source archive: ETQP4MR47KVK,Model PDF: ETQP4MR47KVK,Power model page: https://industrial.panasonic.com/ww/products/pt/automotive-inductors/models/ETQP4MR47KVK,功率电感,SMT,ETQP4MR47,,Power Choke Coils for Automotive application,Production,,,,https://industrial.panasonic.com/ww/products/pt/automotive-inductors/models/ETQP4MR47KVK,Panasonic official PCC_Spara zip,官方PDF抽取,2026-04-19 17:36,Panasonic PCC_Spara | ETQP4MR47KVK,,,,,,,,,,,,,,,,,,,,,,,,Power Choke Coils for Automotive application,panasonic_pcc_spara,,,,,,,,,,,
Panasonic(松下),ETQP4MR68KVK,ETQP4MR68,,,,,,,Automotive,Source archive: ETQP4MR68KVK,Model PDF: ETQP4MR68KVK,Power model page: https://industrial.panasonic.com/ww/products/pt/automotive-inductors/models/ETQP4MR68KVK,功率电感,SMT,ETQP4MR68,8mm square,L1=0.6617uH | C1=11.25pF | R2=0.0029Ω | R1=1288.36Ω | 8mm square | Power Choke Coils for Automotive application,Production,,,,https://industrial.panasonic.com/ww/products/pt/automotive-inductors/models/ETQP4MR68KVK,Panasonic official PCC_Spara zip,官方PDF抽取,2026-04-19 17:36,Panasonic PCC_Spara | ETQP4MR68KVK,,,,,,,,,,,,,,,,,,0.6617,uH,,,,,Power Choke Coils for Automotive application,panasonic_pcc_spara,,,,,,,,,,,8mm square
Panasonic(松下),ETQP5M100GAK,ETQP5M100,,,,,,,Automotive,Source archive: ETQP5M100GAK,Model PDF: ETQP5M100GAK,Power model page: https://industrial.panasonic.com/ww/products/pt/automotive-inductors/models/ETQP5M100GAK,功率电感,SMT,ETQP5M100,,Power Choke Coils for Automotive application,Production,,,,https://industrial.panasonic.com/ww/products/pt/automotive-inductors/models/ETQP5M100GAK,Panasonic official PCC_Spara zip,官方PDF抽取,2026-04-19 17:36,Panasonic PCC_Spara | ETQP5M100GAK,,,,,,,,,,,,,,,,,,,,,,,,Power Choke Coils for Automotive application,panasonic_pcc_spara,,,,,,,,,,,
Panasonic(松下),ETQP5M100YFC,ETQP5M100,,,,,,,Automotive,Source archive: ETQP5M100YFC,Model PDF: ETQP5M100YFC,Power model page: https://industrial.panasonic.com/ww/products/pt/automotive-inductors/models/ETQP5M100YFC,功率电感,SMT,ETQP5M100,10mm square,L1=10.0267uH | C1=14.31pF | R2=0.0238Ω | R1=8676.9581Ω | 10mm square | Power Choke Coils for Automotive application,Production,,,,https://industrial.panasonic.com/ww/products/pt/automotive-inductors/models/ETQP5M100YFC,Panasonic official PCC_Spara zip,官方PDF抽取,2026-04-19 17:36,Panasonic PCC_Spara | ETQP5M100YFC,,,,,,,,,,,,,,,,,,10.0267,uH,,,,,Power Choke Coils for Automotive application,panasonic_pcc_spara,,,,,,,,,,,10mm square
Panasonic(松下),ETQP5M100YFK,ETQP5M100,,,,,,,Automotive,Source archive: ETQP5M100YFK,Model PDF: ETQP5M100YFK,Power model page: https://industrial.panasonic.com/ww/products/pt/automotive-inductors/models/ETQP5M100YFK,功率电感,SMT,ETQP5M100,8mm square,L1=10.0513uH | C1=17.13pF | R2=0.0334Ω | R1=8939.6744Ω | 8mm square | Power Choke Coils for Automotive application,Production,,,,https://industrial.panasonic.com/ww/products/pt/automotive-inductors/models/ETQP5M100YFK,Panasonic official PCC_Spara zip,官方PDF抽取,2026-04-19 17:36,Panasonic PCC_Spara | ETQP5M100YFK,,,,,,,,,,,,,,,,,,10.0513,uH,,,,,Power Choke Coils for Automotive application,panasonic_pcc_spara,,,,,,,,,,,8mm square
Panasonic(松下),ETQP5M100YFM,ETQP5M100,,,,,,,Automotive,Source archive: ETQP5M100YFM,Model PDF: ETQP5M100YFM,Power model page: https://industrial.panasonic.com/ww/products/pt/automotive-inductors/models/ETQP5M100YFM,功率电感,SMT,ETQP5M100,7mm square,L1=9.6275uH | C1=15.47pF | R2=0.0376Ω | R1=9246.961Ω | 7mm square | Power Choke Coils for Automotive application,Production,,,,https://industrial.panasonic.com/ww/products/pt/automotive-inductors/models/ETQP5M100YFM,Panasonic official PCC_Spara zip,官方PDF抽取,2026-04-19 17:36,Panasonic PCC_Spara | ETQP5M100YFM,,,,,,,,,,,,,,,,,,9.6275,uH,,,,,Power Choke Coils for Automotive application,panasonic_pcc_spara,,,,,,,,,,,7mm square
Panasonic(松下),ETQP5M101YGC,ETQP5M101,,,,,,,Automotive,Source archive: ETQP5M101YGC,Model PDF: ETQP5M101YGC,Power model page: https://industrial.panasonic.com/ww/products/pt/automotive-inductors/models/ETQP5M101YGC,功率电感,SMT,ETQP5M101,10mm square,L1=96.7264uH | C1=17.61pF | R2=0.208Ω | R1=49956.6464Ω | 10mm square | Power Choke Coils for Automotive application,Production,,,,https://industrial.panasonic.com/ww/products/pt/automotive-inductors/models/ETQP5M101YGC,Panasonic official PCC_Spara zip,官方PDF抽取,2026-04-19 17:36,Panasonic PCC_Spara | ETQP5M101YGC,,,,,,,,,,,,,,,,,,96.7264,uH,,,,,Power Choke Coils for Automotive application,panasonic_pcc_spara,,,,,,,,,,,10mm square
Panasonic(松下),ETQP5M101YGK,ETQP5M101,,,,,,,Automotive,Source archive: ETQP5M101YGK,Model PDF: ETQP5M101YGK,Power model page: https://industrial.panasonic.com/ww/products/pt/automotive-inductors/models/ETQP5M101YGK,功率电感,SMT,ETQP5M101,8mm square,L1=99.3865uH | C1=15.64pF | R2=0.302Ω | R1=57236.3595Ω | 8mm square | Power Choke Coils for Automotive application,Production,,,,https://industrial.panasonic.com/ww/products/pt/automotive-inductors/models/ETQP5M101YGK,Panasonic official PCC_Spara zip,官方PDF抽取,2026-04-19 17:36,Panasonic PCC_Spara | ETQP5M101YGK,,,,,,,,,,,,,,,,,,99.3865,uH,,,,,Power Choke Coils for Automotive application,panasonic_pcc_spara,,,,,,,,,,,8mm square
Panasonic(松下),ETQP5M101YGM,ETQP5M101,,,,,,,Automotive,Source archive: ETQP5M101YGM,Model PDF: ETQP5M101YGM,Power model page: https://industrial.panasonic.com/ww/products/pt/automotive-inductors/models/ETQP5M101YGM,功率电感,SMT,ETQP5M101,7mm square,L1=91.0069uH | C1=16.76pF | R2=0.348Ω | R1=44384.425Ω | 7mm square | Power Choke Coils for Automotive application,Production,,,,https://industrial.panasonic.com/ww/products/pt/automotive-inductors/models/ETQP5M101YGM,Panasonic official PCC_Spara zip,官方PDF抽取,2026-04-19 17:36,Panasonic PCC_Spara | ETQP5M101YGM,,,,,,,,,,,,,,,,,,91.0069,uH,,,,,Power Choke Coils for Automotive application,panasonic_pcc_spara,,,,,,,,,,,7mm square
Panasonic(松下),ETQP5M150YFC,ETQP5M150,,,,,,,Automotive,Source archive: ETQP5M150YFC,Model PDF: ETQP5M150YFC,Power model page: https://industrial.panasonic.com/ww/products/pt/automotive-inductors/models/ETQP5M150YFC,功率电感,SMT,ETQP5M150,10mm square,L1=15.5934uH | C1=13.84pF | R2=0.0365Ω | R1=12389.6826Ω | 10mm square | Power Choke Coils for Automotive application,Production,,,,https://industrial.panasonic.com/ww/products/pt/automotive-inductors/models/ETQP5M150YFC,Panasonic official PCC_Spara zip,官方PDF抽取,2026-04-19 17:36,Panasonic PCC_Spara | ETQP5M150YFC,,,,,,,,,,,,,,,,,,15.5934,uH,,,,,Power Choke Coils for Automotive application,panasonic_pcc_spara,,,,,,,,,,,10mm square
Panasonic(松下),ETQP5M150YFK,ETQP5M150,,,,,,,Automotive,Source archive: ETQP5M150YFK,Model PDF: ETQP5M150YFK,Power model page: https://industrial.panasonic.com/ww/products/pt/automotive-inductors/models/ETQP5M150YFK,功率电感,SMT,ETQP5M150,8mm square,L1=15.5821uH | C1=13.47pF | R2=0.0482Ω | R1=13762.8304Ω | 8mm square | Power Choke Coils for Automotive application,Production,,,,https://industrial.panasonic.com/ww/products/pt/automotive-inductors/models/ETQP5M150YFK,Panasonic official PCC_Spara zip,官方PDF抽取,2026-04-19 17:36,Panasonic PCC_Spara | ETQP5M150YFK,,,,,,,,,,,,,,,,,,15.5821,uH,,,,,Power Choke Coils for Automotive application,panasonic_pcc_spara,,,,,,,,,,,8mm square
Panasonic(松下),ETQP5M1R0YLC,ETQP5M1R0,,,,,,,Automotive,Source archive: ETQP5M1R0YLC,Model PDF: ETQP5M1R0YLC,Power model page: https://industrial.panasonic.com/ww/products/pt/automotive-inductors/models/ETQP5M1R0YLC,功率电感,SMT,ETQP5M1R0,10mm square,L1=0.9908uH | C1=11.05pF | R2=0.0023Ω | R1=1387.5962Ω | 10mm square | Power Choke Coils for Automotive application,Production,,,,https://industrial.panasonic.com/ww/products/pt/automotive-inductors/models/ETQP5M1R0YLC,Panasonic official PCC_Spara zip,官方PDF抽取,2026-04-19 17:36,Panasonic PCC_Spara | ETQP5M1R0YLC,,,,,,,,,,,,,,,,,,0.9908,uH,,,,,Power Choke Coils for Automotive application,panasonic_pcc_spara,,,,,,,,,,,10mm square
Panasonic(松下),ETQP5M1R5YFC,ETQP5M1R5,,,,,,,Automotive,Source archive: ETQP5M1R5YFC,Model PDF: ETQP5M1R5YFC,Power model page: https://industrial.panasonic.com/ww/products/pt/automotive-inductors/models/ETQP5M1R5YFC,功率电感,SMT,ETQP5M1R5,10mm square,L1=1.3841uH | C1=11.56pF | R2=0.0038Ω | R1=1975.2366Ω | 10mm square | Power Choke Coils for Automotive application,Production,,,,https://industrial.panasonic.com/ww/products/pt/automotive-inductors/models/ETQP5M1R5YFC,Panasonic official PCC_Spara zip,官方PDF抽取,2026-04-19 17:36,Panasonic PCC_Spara | ETQP5M1R5YFC,,,,,,,,,,,,,,,,,,1.3841,uH,,,,,Power Choke Coils for Automotive application,panasonic_pcc_spara,,,,,,,,,,,10mm square
Panasonic(松下),ETQP5M220YFC,ETQP5M220,,,,,,,Automotive,Source archive: ETQP5M220YFC,Model PDF: ETQP5M220YFC,Power model page: https://industrial.panasonic.com/ww/products/pt/automotive-inductors/models/ETQP5M220YFC,功率电感,SMT,ETQP5M220,10mm square,L1=20.6672uH | C1=16.58pF | R2=0.045Ω | R1=19230.737Ω | 10mm square | Power Choke Coils for Automotive application,Production,,,,https://industrial.panasonic.com/ww/products/pt/automotive-inductors/models/ETQP5M220YFC,Panasonic official PCC_Spara zip,官方PDF抽取,2026-04-19 17:36,Panasonic PCC_Spara | ETQP5M220YFC,,,,,,,,,,,,,,,,,,20.6672,uH,,,,,Power Choke Coils for Automotive application,panasonic_pcc_spara,,,,,,,,,,,10mm square
Panasonic(松下),ETQP5M220YFK,ETQP5M220,,,,,,,Automotive,Source archive: ETQP5M220YFK,Model PDF: ETQP5M220YFK,Power model page: https://industrial.panasonic.com/ww/products/pt/automotive-inductors/models/ETQP5M220YFK,功率电感,SMT,ETQP5M220,8mm square,L1=22.8751uH | C1=14.53pF | R2=0.063Ω | R1=18902.332Ω | 8mm square | Power Choke Coils for Automotive application,Production,,,,https://industrial.panasonic.com/ww/products/pt/automotive-inductors/models/ETQP5M220YFK,Panasonic official PCC_Spara zip,官方PDF抽取,2026-04-19 17:36,Panasonic PCC_Spara | ETQP5M220YFK,,,,,,,,,,,,,,,,,,22.8751,uH,,,,,Power Choke Coils for Automotive application,panasonic_pcc_spara,,,,,,,,,,,8mm square
Panasonic(松下),ETQP5M220YFM,ETQP5M220,,,,,,,Automotive,Source archive: ETQP5M220YFM,Model PDF: ETQP5M220YFM,Power model page: https://industrial.panasonic.com/ww/products/pt/automotive-inductors/models/ETQP5M220YFM,功率电感,SMT,ETQP5M220,7mm square,L1=21.7564uH | C1=12.57pF | R2=0.092Ω | R1=22819.6503Ω | 7mm square | Power Choke Coils for Automotive application,Production,,,,https://industrial.panasonic.com/ww/products/pt/automotive-inductors/models/ETQP5M220YFM,Panasonic official PCC_Spara zip,官方PDF抽取,2026-04-19 17:36,Panasonic PCC_Spara | ETQP5M220YFM,,,,,,,,,,,,,,,,,,21.7564,uH,,,,,Power Choke Coils for Automotive application,panasonic_pcc_spara,,,,,,,,,,,7mm square
Panasonic(松下),ETQP5M220YSC,ETQP5M220,,,,,,,Automotive,Source archive: ETQP5M220YSC,Model PDF: ETQP5M220YSC,Power model page: https://industrial.panasonic.com/ww/products/pt/automotive-inductors/models/ETQP5M220YSC,功率电感,SMT,ETQP5M220,,Power Choke Coils for Automotive application,Production,,,,https://industrial.panasonic.com/ww/products/pt/automotive-inductors/models/ETQP5M220YSC,Panasonic official PCC_Spara zip,官方PDF抽取,2026-04-19 17:36,Panasonic PCC_Spara | ETQP5M220YSC,,,,,,,,,,,,,,,,,,,,,,,,Power Choke Coils for Automotive application,panasonic_pcc_spara,,,,,,,,,,,
Panasonic(松下),ETQP5M2R0YSC,ETQP5M2R0,,,,,,,Automotive,Source archive: ETQP5M2R0YSC,Model PDF: ETQP5M2R0YSC,Power model page: https://industrial.panasonic.com/ww/products/pt/automotive-inductors/models/ETQP5M2R0YSC,功率电感,SMT,ETQP5M2R0,,Power Choke Coils for Automotive application,Production,,,,https://industrial.panasonic.com/ww/products/pt/automotive-inductors/models/ETQP5M2R0YSC,Panasonic official PCC_Spara zip,官方PDF抽取,2026-04-19 17:36,Panasonic PCC_Spara | ETQP5M2R0YSC,,,,,,,,,,,,,,,,,,,,,,,,Power Choke Coils for Automotive application,panasonic_pcc_spara,,,,,,,,,,,
Panasonic(松下),ETQP5M2R5YFC,ETQP5M2R5,,,,,,,Automotive,Source archive: ETQP5M2R5YFC,Model PDF: ETQP5M2R5YFC,Power model page: https://industrial.panasonic.com/ww/products/pt/automotive-inductors/models/ETQP5M2R5YFC,功率电感,SMT,ETQP5M2R5,10mm square,L1=2.4608uH | C1=14.86pF | R2=0.0053Ω | R1=2877.3138Ω | 10mm square | Power Choke Coils for Automotive application,Production,,,,https://industrial.panasonic.com/ww/products/pt/automotive-inductors/models/ETQP5M2R5YFC,Panasonic official PCC_Spara zip,官方PDF抽取,2026-04-19 17:36,Panasonic PCC_Spara | ETQP5M2R5YFC,,,,,,,,,,,,,,,,,,2.4608,uH,,,,,Power Choke Coils for Automotive application,panasonic_pcc_spara,,,,,,,,,,,10mm square
Panasonic(松下),ETQP5M2R5YFK,ETQP5M2R5,,,,,,,Automotive,Source archive: ETQP5M2R5YFK,Model PDF: ETQP5M2R5YFK,Power model page: https://industrial.panasonic.com/ww/products/pt/automotive-inductors/models/ETQP5M2R5YFK,功率电感,SMT,ETQP5M2R5,8mm square,L1=2.5576uH | C1=12.86pF | R2=0.0076Ω | R1=3230.0041Ω | 8mm square | Power Choke Coils for Automotive application,Production,,,,https://industrial.panasonic.com/ww/products/pt/automotive-inductors/models/ETQP5M2R5YFK,Panasonic official PCC_Spara zip,官方PDF抽取,2026-04-19 17:36,Panasonic PCC_Spara | ETQP5M2R5YFK,,,,,,,,,,,,,,,,,,2.5576,uH,,,,,Power Choke Coils for Automotive application,panasonic_pcc_spara,,,,,,,,,,,8mm square
Panasonic(松下),ETQP5M2R5YSK,ETQP5M2R5,,,,,,,Automotive,Source archive: ETQP5M2R5YSK,Model PDF: ETQP5M2R5YSK,Power model page: https://industrial.panasonic.com/ww/products/pt/automotive-inductors/models/ETQP5M2R5YSK,功率电感,SMT,ETQP5M2R5,8mm square,L1=2.3876uH | C1=13.85pF | R2=0.0074Ω | R1=3421.56Ω | 8mm square | Power Choke Coils for Automotive application,Production,,,,https://industrial.panasonic.com/ww/products/pt/automotive-inductors/models/ETQP5M2R5YSK,Panasonic official PCC_Spara zip,官方PDF抽取,2026-04-19 17:36,Panasonic PCC_Spara | ETQP5M2R5YSK,,,,,,,,,,,,,,,,,,2.3876,uH,,,,,Power Choke Coils for Automotive application,panasonic_pcc_spara,,,,,,,,,,,8mm square
Panasonic(松下),ETQP5M2R5YTC,ETQP5M2R5,,,,,,,Automotive,Source archive: ETQP5M2R5YTC,Model PDF: ETQP5M2R5YTC,Power model page: https://industrial.panasonic.com/ww/products/pt/automotive-inductors/models/ETQP5M2R5YTC,功率电感,SMT,ETQP5M2R5,,Power Choke Coils for Automotive application,Production,,,,https://industrial.panasonic.com/ww/products/pt/automotive-inductors/models/ETQP5M2R5YTC,Panasonic official PCC_Spara zip,官方PDF抽取,2026-04-19 17:36,Panasonic PCC_Spara | ETQP5M2R5YTC,,,,,,,,,,,,,,,,,,,,,,,,Power Choke Coils for Automotive application,panasonic_pcc_spara,,,,,,,,,,,
Panasonic(松下),ETQP5M330YFC,ETQP5M330,,,,,,,Automotive,Source archive: ETQP5M330YFC,Model PDF: ETQP5M330YFC,Power model page: https://industrial.panasonic.com/ww/products/pt/automotive-inductors/models/ETQP5M330YFC,功率电感,SMT,ETQP5M330,10mm square,L1=29.5777uH | C1=16.91pF | R2=0.0685Ω | R1=24899.9375Ω | 10mm square | Power Choke Coils for Automotive application,Production,,,,https://industrial.panasonic.com/ww/products/pt/automotive-inductors/models/ETQP5M330YFC,Panasonic official PCC_Spara zip,官方PDF抽取,2026-04-19 17:36,Panasonic PCC_Spara | ETQP5M330YFC,,,,,,,,,,,,,,,,,,29.5777,uH,,,,,Power Choke Coils for Automotive application,panasonic_pcc_spara,,,,,,,,,,,10mm square
Panasonic(松下),ETQP5M330YFM,ETQP5M330,,,,,,,Automotive,Source archive: ETQP5M330YFM,Model PDF: ETQP5M330YFM,Power model page: https://industrial.panasonic.com/ww/products/pt/automotive-inductors/models/ETQP5M330YFM,功率电感,SMT,ETQP5M330,7mm square,L1=32.802uH | C1=14.99pF | R2=0.12Ω | R1=27422.8912Ω | 7mm square | Power Choke Coils for Automotive application,Production,,,,https://industrial.panasonic.com/ww/products/pt/automotive-inductors/models/ETQP5M330YFM,Panasonic official PCC_Spara zip,官方PDF抽取,2026-04-19 17:36,Panasonic PCC_Spara | ETQP5M330YFM,,,,,,,,,,,,,,,,,,32.802,uH,,,,,Power Choke Coils for Automotive application,panasonic_pcc_spara,,,,,,,,,,,7mm square
Panasonic(松下),ETQP5M3R3YFC,ETQP5M3R3,,,,,,,Automotive,Source archive: ETQP5M3R3YFC,Model PDF: ETQP5M3R3YFC,Power model page: https://industrial.panasonic.com/ww/products/pt/automotive-inductors/models/ETQP5M3R3YFC,功率电感,SMT,ETQP5M3R3,10mm square,L1=3.1417uH | C1=15.9pF | R2=0.0071Ω | R1=4224.9789Ω | 10mm square | Power Choke Coils for Automotive application,Production,,,,https://industrial.panasonic.com/ww/products/pt/automotive-inductors/models/ETQP5M3R3YFC,Panasonic official PCC_Spara zip,官方PDF抽取,2026-04-19 17:36,Panasonic PCC_Spara | ETQP5M3R3YFC,,,,,,,,,,,,,,,,,,3.1417,uH,,,,,Power Choke Coils for Automotive application,panasonic_pcc_spara,,,,,,,,,,,10mm square
Panasonic(松下),ETQP5M3R3YFK,ETQP5M3R3,,,,,,,Automotive,Source archive: ETQP5M3R3YFK,Model PDF: ETQP5M3R3YFK,Power model page: https://industrial.panasonic.com/ww/products/pt/automotive-inductors/models/ETQP5M3R3YFK,功率电感,SMT,ETQP5M3R3,8mm square,L1=3.0729uH | C1=13.69pF | R2=0.0085Ω | R1=3500.5578Ω | 8mm square | Power Choke Coils for Automotive application,Production,,,,https://industrial.panasonic.com/ww/products/pt/automotive-inductors/models/ETQP5M3R3YFK,Panasonic official PCC_Spara zip,官方PDF抽取,2026-04-19 17:36,Panasonic PCC_Spara | ETQP5M3R3YFK,,,,,,,,,,,,,,,,,,3.0729,uH,,,,,Power Choke Coils for Automotive application,panasonic_pcc_spara,,,,,,,,,,,8mm square
Panasonic(松下),ETQP5M3R3YFM,ETQP5M3R3,,,,,,,Automotive,Source archive: ETQP5M3R3YFM,Model PDF: ETQP5M3R3YFM,Power model page: https://industrial.panasonic.com/ww/products/pt/automotive-inductors/models/ETQP5M3R3YFM,功率电感,SMT,ETQP5M3R3,7mm square,L1=3.1205uH | C1=14.08pF | R2=0.0119Ω | R1=3520.5569Ω | 7mm square | Power Choke Coils for Automotive application,Production,,,,https://industrial.panasonic.com/ww/products/pt/automotive-inductors/models/ETQP5M3R3YFM,Panasonic official PCC_Spara zip,官方PDF抽取,2026-04-19 17:36,Panasonic PCC_Spara | ETQP5M3R3YFM,,,,,,,,,,,,,,,,,,3.1205,uH,,,,,Power Choke Coils for Automotive application,panasonic_pcc_spara,,,,,,,,,,,7mm square
Panasonic(松下),ETQP5M3R3YGC,ETQP5M3R3,,,,,,,Automotive,Source archive: ETQP5M3R3YGC,Model PDF: ETQP5M3R3YGC,Power model page: https://industrial.panasonic.com/ww/products/pt/automotive-inductors/models/ETQP5M3R3YGC,功率电感,SMT,ETQP5M3R3,,Power Choke Coils for Automotive application,Production,,,,https://industrial.panasonic.com/ww/products/pt/automotive-inductors/models/ETQP5M3R3YGC,Panasonic official PCC_Spara zip,官方PDF抽取,2026-04-19 17:36,Panasonic PCC_Spara | ETQP5M3R3YGC,,,,,,,,,,,,,,,,,,,,,,,,Power Choke Coils for Automotive application,panasonic_pcc_spara,,,,,,,,,,,
Panasonic(松下),ETQP5M3R3YTC,ETQP5M3R3,,,,,,,Automotive,Source archive: ETQP5M3R3YTC,Model PDF: ETQP5M3R3YTC,Power model page: https://industrial.panasonic.com/ww/products/pt/automotive-inductors/models/ETQP5M3R3YTC,功率电感,SMT,ETQP5M3R3,,Power Choke Coils for Automotive application,Production,,,,https://industrial.panasonic.com/ww/products/pt/automotive-inductors/models/ETQP5M3R3YTC,Panasonic official PCC_Spara zip,官方PDF抽取,2026-04-19 17:36,Panasonic PCC_Spara | ETQP5M3R3YTC,,,,,,,,,,,,,,,,,,,,,,,,Power Choke Coils for Automotive application,panasonic_pcc_spara,,,,,,,,,,,
Panasonic(松下),ETQP5M470YFC,ETQP5M470,,,,,,,Automotive,Source archive: ETQP5M470YFC,Model PDF: ETQP5M470YFC,Power model page: https://industrial.panasonic.com/ww/products/pt/automotive-inductors/models/ETQP5M470YFC,功率电感,SMT,ETQP5M470,10mm square,L1=45.0732uH | C1=21.45pF | R2=0.0962Ω | R1=29631.5436Ω | 10mm square | Power Choke Coils for Automotive application,Production,,,,https://industrial.panasonic.com/ww/products/pt/automotive-inductors/models/ETQP5M470YFC,Panasonic official PCC_Spara zip,官方PDF抽取,2026-04-19 17:36,Panasonic PCC_Spara | ETQP5M470YFC,,,,,,,,,,,,,,,,,,45.0732,uH,,,,,Power Choke Coils for Automotive application,panasonic_pcc_spara,,,,,,,,,,,10mm square
Panasonic(松下),ETQP5M470YFK,ETQP5M470,,,,,,,Automotive,Source archive: ETQP5M470YFK,Model PDF: ETQP5M470YFK,Power model page: https://industrial.panasonic.com/ww/products/pt/automotive-inductors/models/ETQP5M470YFK,功率电感,SMT,ETQP5M470,8mm square,L1=47.5869uH | C1=16.56pF | R2=0.125Ω | R1=35126.7093Ω | 8mm square | Power Choke Coils for Automotive application,Production,,,,https://industrial.panasonic.com/ww/products/pt/automotive-inductors/models/ETQP5M470YFK,Panasonic official PCC_Spara zip,官方PDF抽取,2026-04-19 17:36,Panasonic PCC_Spara | ETQP5M470YFK,,,,,,,,,,,,,,,,,,47.5869,uH,,,,,Power Choke Coils for Automotive application,panasonic_pcc_spara,,,,,,,,,,,8mm square
Panasonic(松下),ETQP5M470YFM,ETQP5M470,,,,,,,Automotive,Source archive: ETQP5M470YFM,Model PDF: ETQP5M470YFM,Power model page: https://industrial.panasonic.com/ww/products/pt/automotive-inductors/models/ETQP5M470YFM,功率电感,SMT,ETQP5M470,7mm square,L1=49.8679uH | C1=17.78pF | R2=0.156Ω | R1=31789.034Ω | 7mm square | Power Choke Coils for Automotive application,Production,,,,https://industrial.panasonic.com/ww/products/pt/automotive-inductors/models/ETQP5M470YFM,Panasonic official PCC_Spara zip,官方PDF抽取,2026-04-19 17:36,Panasonic PCC_Spara | ETQP5M470YFM,,,,,,,,,,,,,,,,,,49.8679,uH,,,,,Power Choke Coils for Automotive application,panasonic_pcc_spara,,,,,,,,,,,7mm square
Panasonic(松下),ETQP5M470YSC,ETQP5M470,,,,,,,Automotive,Source archive: ETQP5M470YSC,Model PDF: ETQP5M470YSC,Power model page: https://industrial.panasonic.com/ww/products/pt/automotive-inductors/models/ETQP5M470YSC,功率电感,SMT,ETQP5M470,,Power Choke Coils for Automotive application,Production,,,,https://industrial.panasonic.com/ww/products/pt/automotive-inductors/models/ETQP5M470YSC,Panasonic official PCC_Spara zip,官方PDF抽取,2026-04-19 17:36,Panasonic PCC_Spara | ETQP5M470YSC,,,,,,,,,,,,,,,,,,,,,,,,Power Choke Coils for Automotive application,panasonic_pcc_spara,,,,,,,,,,,
Panasonic(松下),ETQP5M4R7YFC,ETQP5M4R7,,,,,,,Automotive,Source archive: ETQP5M4R7YFC,Model PDF: ETQP5M4R7YFC,Power model page: https://industrial.panasonic.com/ww/products/pt/automotive-inductors/models/ETQP5M4R7YFC,功率电感,SMT,ETQP5M4R7,10mm square,L1=4.6526uH | C1=17.49pF | R2=0.0102Ω | R1=5747.4737Ω | 10mm square | Power Choke Coils for Automotive application,Production,,,,https://industrial.panasonic.com/ww/products/pt/automotive-inductors/models/ETQP5M4R7YFC,Panasonic official PCC_Spara zip,官方PDF抽取,2026-04-19 17:36,Panasonic PCC_Spara | ETQP5M4R7YFC,,,,,,,,,,,,,,,,,,4.6526,uH,,,,,Power Choke Coils for Automotive application,panasonic_pcc_spara,,,,,,,,,,,10mm square
Panasonic(松下),ETQP5M4R7YFM,ETQP5M4R7,,,,,,,Automotive,Source archive: ETQP5M4R7YFM,Model PDF: ETQP5M4R7YFM,Power model page: https://industrial.panasonic.com/ww/products/pt/automotive-inductors/models/ETQP5M4R7YFM,功率电感,SMT,ETQP5M4R7,7mm square,L1=4.7uH | C1=12.71pF | R2=0.0204Ω | R1=5604.5172Ω | 7mm square | Power Choke Coils for Automotive application,Production,,,,https://industrial.panasonic.com/ww/products/pt/automotive-inductors/models/ETQP5M4R7YFM,Panasonic official PCC_Spara zip,官方PDF抽取,2026-04-19 17:36,Panasonic PCC_Spara | ETQP5M4R7YFM,,,,,,,,,,,,,,,,,,4.7,uH,,,,,Power Choke Coils for Automotive application,panasonic_pcc_spara,,,,,,,,,,,7mm square
Panasonic(松下),ETQP5M680YFC,ETQP5M680,,,,,,,Automotive,Source archive: ETQP5M680YFC,Model PDF: ETQP5M680YFC,Power model page: https://industrial.panasonic.com/ww/products/pt/automotive-inductors/models/ETQP5M680YFC,功率电感,SMT,ETQP5M680,10mm square,L1=66.3326uH | C1=17.58pF | R2=0.134Ω | R1=38840.4693Ω | 10mm square | Power Choke Coils for Automotive application,Production,,,,https://industrial.panasonic.com/ww/products/pt/automotive-inductors/models/ETQP5M680YFC,Panasonic official PCC_Spara zip,官方PDF抽取,2026-04-19 17:36,Panasonic PCC_Spara | ETQP5M680YFC,,,,,,,,,,,,,,,,,,66.3326,uH,,,,,Power Choke Coils for Automotive application,panasonic_pcc_spara,,,,,,,,,,,10mm square
Panasonic(松下),ETQP5M680YFM,ETQP5M680,,,,,,,Automotive,Source archive: ETQP5M680YFM,Model PDF: ETQP5M680YFM,Power model page: https://industrial.panasonic.com/ww/products/pt/automotive-inductors/models/ETQP5M680YFM,功率电感,SMT,ETQP5M680,,Power Choke Coils for Automotive application,Production,,,,https://industrial.panasonic.com/ww/products/pt/automotive-inductors/models/ETQP5M680YFM,Panasonic official PCC_Spara zip,官方PDF抽取,2026-04-19 17:36,Panasonic PCC_Spara | ETQP5M680YFM,,,,,,,,,,,,,,,,,,,,,,,,Power Choke Coils for Automotive application,panasonic_pcc_spara,,,,,,,,,,,
Panasonic(松下),ETQP5M6R8GAK,ETQP5M6R8,,,,,,,Automotive,Source archive: ETQP5M6R8GAK,Model PDF: ETQP5M6R8GAK,Power model page: https://industrial.panasonic.com/ww/products/pt/automotive-inductors/models/ETQP5M6R8GAK,功率电感,SMT,ETQP5M6R8,,Power Choke Coils for Automotive application,Production,,,,https://industrial.panasonic.com/ww/products/pt/automotive-inductors/models/ETQP5M6R8GAK,Panasonic official PCC_Spara zip,官方PDF抽取,2026-04-19 17:36,Panasonic PCC_Spara | ETQP5M6R8GAK,,,,,,,,,,,,,,,,,,,,,,,,Power Choke Coils for Automotive application,panasonic_pcc_spara,,,,,,,,,,,
Panasonic(松下),ETQP5M6R8YFM,ETQP5M6R8,,,,,,,Automotive,Source archive: ETQP5M6R8YFM,Model PDF: ETQP5M6R8YFM,Power model page: https://industrial.panasonic.com/ww/products/pt/automotive-inductors/models/ETQP5M6R8YFM,功率电感,SMT,ETQP5M6R8,7mm square,L1=6.7049uH | C1=16.27pF | R2=0.0267Ω | R1=7821.4781Ω | 7mm square | Power Choke Coils for Automotive application,Production,,,,https://industrial.panasonic.com/ww/products/pt/automotive-inductors/models/ETQP5M6R8YFM,Panasonic official PCC_Spara zip,官方PDF抽取,2026-04-19 17:36,Panasonic PCC_Spara | ETQP5M6R8YFM,,,,,,,,,,,,,,,,,,6.7049,uH,,,,,Power Choke Coils for Automotive application,panasonic_pcc_spara,,,,,,,,,,,7mm square
Panasonic(松下),ETQP5M820YGC,ETQP5M820,,,,,,,Automotive,Source archive: ETQP5M820YGC,Model PDF: ETQP5M820YGC,Power model page: https://industrial.panasonic.com/ww/products/pt/automotive-inductors/models/ETQP5M820YGC,功率电感,SMT,ETQP5M820,,Power Choke Coils for Automotive application,Production,,,,https://industrial.panasonic.com/ww/products/pt/automotive-inductors/models/ETQP5M820YGC,Panasonic official PCC_Spara zip,官方PDF抽取,2026-04-19 17:36,Panasonic PCC_Spara | ETQP5M820YGC,,,,,,,,,,,,,,,,,,,,,,,,Power Choke Coils for Automotive application,panasonic_pcc_spara,,,,,,,,,,,
Panasonic(松下),ETQP5MR22CVM,ETQP5MR22,,,,,,,Automotive,Source archive: ETQP5MR22CVM,Model PDF: ETQP5MR22CVM,Power model page: https://industrial.panasonic.com/ww/products/pt/automotive-inductors/models/ETQP5MR22CVM,功率电感,SMT,ETQP5MR22,,Power Choke Coils for Automotive application,Production,,,,https://industrial.panasonic.com/ww/products/pt/automotive-inductors/models/ETQP5MR22CVM,Panasonic official PCC_Spara zip,官方PDF抽取,2026-04-19 17:36,Panasonic PCC_Spara | ETQP5MR22CVM,,,,,,,,,,,,,,,,,,,,,,,,Power Choke Coils for Automotive application,panasonic_pcc_spara,,,,,,,,,,,
Panasonic(松下),ETQP5MR33YLC,ETQP5MR33,,,,,,,Automotive,Source archive: ETQP5MR33YLC,Model PDF: ETQP5MR33YLC,Power model page: https://industrial.panasonic.com/ww/products/pt/automotive-inductors/models/ETQP5MR33YLC,功率电感,SMT,ETQP5MR33,10mm square,L1=0.3365uH | C1=6.26pF | R2=0.0011Ω | R1=541.477Ω | 10mm square | Power Choke Coils for Automotive application,Production,,,,https://industrial.panasonic.com/ww/products/pt/automotive-inductors/models/ETQP5MR33YLC,Panasonic official PCC_Spara zip,官方PDF抽取,2026-04-19 17:36,Panasonic PCC_Spara | ETQP5MR33YLC,,,,,,,,,,,,,,,,,,0.3365,uH,,,,,Power Choke Coils for Automotive application,panasonic_pcc_spara,,,,,,,,,,,10mm square
Panasonic(松下),ETQP5MR68YLC,ETQP5MR68,,,,,,,Automotive,Source archive: ETQP5MR68YLC,Model PDF: ETQP5MR68YLC,Power model page: https://industrial.panasonic.com/ww/products/pt/automotive-inductors/models/ETQP5MR68YLC,功率电感,SMT,ETQP5MR68,10mm square,L1=0.6082uH | C1=9.05pF | R2=0.0018Ω | R1=753.7927Ω | 10mm square | Power Choke Coils for Automotive application,Production,,,,https://industrial.panasonic.com/ww/products/pt/automotive-inductors/models/ETQP5MR68YLC,Panasonic official PCC_Spara zip,官方PDF抽取,2026-04-19 17:36,Panasonic PCC_Spara | ETQP5MR68YLC,,,,,,,,,,,,,,,,,,0.6082,uH,,,,,Power Choke Coils for Automotive application,panasonic_pcc_spara,,,,,,,,,,,10mm square
Panasonic(松下),ETQP5MR68YSC,ETQP5MR68,,,,,,,Automotive,Source archive: ETQP5MR68YSC,Model PDF: ETQP5MR68YSC,Power model page: https://industrial.panasonic.com/ww/products/pt/automotive-inductors/models/ETQP5MR68YSC,功率电感,SMT,ETQP5MR68,10mm square,L1=0.6804uH | C1=10.9pF | R2=0.0017Ω | R1=881.63Ω | 10mm square | Power Choke Coils for Automotive application,Production,,,,https://industrial.panasonic.com/ww/products/pt/automotive-inductors/models/ETQP5MR68YSC,Panasonic official PCC_Spara zip,官方PDF抽取,2026-04-19 17:36,Panasonic PCC_Spara | ETQP5MR68YSC,,,,,,,,,,,,,,,,,,0.6804,uH,,,,,Power Choke Coils for Automotive application,panasonic_pcc_spara,,,,,,,,,,,10mm square
Panasonic(松下),ETQP6M100GAC,ETQP6M100,,,,,,,Automotive,Source archive: ETQP6M100GAC,Model PDF: ETQP6M100GAC,Power model page: https://industrial.panasonic.com/ww/products/pt/automotive-inductors/models/ETQP6M100GAC,功率电感,SMT,ETQP6M100,,Power Choke Coils for Automotive application,Production,,,,https://industrial.panasonic.com/ww/products/pt/automotive-inductors/models/ETQP6M100GAC,Panasonic official PCC_Spara zip,官方PDF抽取,2026-04-19 17:36,Panasonic PCC_Spara | ETQP6M100GAC,,,,,,,,,,,,,,,,,,,,,,,,Power Choke Coils for Automotive application,panasonic_pcc_spara,,,,,,,,,,,
Panasonic(松下),ETQP6M150KLC,ETQP6M150,,,,,,,Automotive,Source archive: ETQP6M150KLC,Model PDF: ETQP6M150KLC,Power model page: https://industrial.panasonic.com/ww/products/pt/automotive-inductors/models/ETQP6M150KLC,功率电感,SMT,ETQP6M150,,Power Choke Coils for Automotive application,Production,,,,https://industrial.panasonic.com/ww/products/pt/automotive-inductors/models/ETQP6M150KLC,Panasonic official PCC_Spara zip,官方PDF抽取,2026-04-19 17:36,Panasonic PCC_Spara | ETQP6M150KLC,,,,,,,,,,,,,,,,,,,,,,,,Power Choke Coils for Automotive application,panasonic_pcc_spara,,,,,,,,,,,
Panasonic(松下),ETQP6M1R5YLC,ETQP6M1R5,,,,,,,Automotive,Source archive: ETQP6M1R5YLC,Model PDF: ETQP6M1R5YLC,Power model page: https://industrial.panasonic.com/ww/products/pt/automotive-inductors/models/ETQP6M1R5YLC,功率电感,SMT,ETQP6M1R5,8mm square,L1=1.5838uH | C1=14.01pF | R2=0.0032Ω | R1=2015.6327Ω | 8mm square | Power Choke Coils for Automotive application,Production,,,,https://industrial.panasonic.com/ww/products/pt/automotive-inductors/models/ETQP6M1R5YLC,Panasonic official PCC_Spara zip,官方PDF抽取,2026-04-19 17:36,Panasonic PCC_Spara | ETQP6M1R5YLC,,,,,,,,,,,,,,,,,,1.5838,uH,,,,,Power Choke Coils for Automotive application,panasonic_pcc_spara,,,,,,,,,,,8mm square
Panasonic(松下),ETQP6M2R5YLC,ETQP6M2R5,,,,,,,Automotive,Source archive: ETQP6M2R5YLC,Model PDF: ETQP6M2R5YLC,Power model page: https://industrial.panasonic.com/ww/products/pt/automotive-inductors/models/ETQP6M2R5YLC,功率电感,SMT,ETQP6M2R5,10mm square,L1=2.3524uH | C1=15.43pF | R2=0.0046Ω | R1=3096.5064Ω | 10mm square | Power Choke Coils for Automotive application,Production,,,,https://industrial.panasonic.com/ww/products/pt/automotive-inductors/models/ETQP6M2R5YLC,Panasonic official PCC_Spara zip,官方PDF抽取,2026-04-19 17:36,Panasonic PCC_Spara | ETQP6M2R5YLC,,,,,,,,,,,,,,,,,,2.3524,uH,,,,,Power Choke Coils for Automotive application,panasonic_pcc_spara,,,,,,,,,,,10mm square
Panasonic(松下),ETQP5M2R5YSC,ETQP5M2R5,,,,,,,Automotive,Source archive: ETQP6M2R5YSC,Model PDF: ETQP5M2R5YSC,Power model page: https://industrial.panasonic.com/ww/products/pt/automotive-inductors/models/ETQP5M2R5YSC,功率电感,SMT,ETQP5M2R5,,Power Choke Coils for Automotive application,Production,,,,https://industrial.panasonic.com/ww/products/pt/automotive-inductors/models/ETQP5M2R5YSC,Panasonic official PCC_Spara zip,官方PDF抽取,2026-04-19 17:36,Panasonic PCC_Spara | ETQP6M2R5YSC,,,,,,,,,,,,,,,,,,,,,,,,Power Choke Coils for Automotive application,panasonic_pcc_spara,,,,,,,,,,,
Panasonic(松下),ETQP6M3R3YLC,ETQP6M3R3,,,,,,,Automotive,Source archive: ETQP6M3R3YLC,Model PDF: ETQP6M3R3YLC,Power model page: https://industrial.panasonic.com/ww/products/pt/automotive-inductors/models/ETQP6M3R3YLC,功率电感,SMT,ETQP6M3R3,10mm square,L1=3.0909uH | C1=16.34pF | R2=0.006Ω | R1=3268.5327Ω | 10mm square | Power Choke Coils for Automotive application,Production,,,,https://industrial.panasonic.com/ww/products/pt/automotive-inductors/models/ETQP6M3R3YLC,Panasonic official PCC_Spara zip,官方PDF抽取,2026-04-19 17:36,Panasonic PCC_Spara | ETQP6M3R3YLC,,,,,,,,,,,,,,,,,,3.0909,uH,,,,,Power Choke Coils for Automotive application,panasonic_pcc_spara,,,,,,,,,,,10mm square
Panasonic(松下),ETQP6M4R7YLC,ETQP6M4R7,,,,,,,Automotive,Source archive: ETQP6M4R7YLC,Model PDF: ETQP6M4R7YLC,Power model page: https://industrial.panasonic.com/ww/products/pt/automotive-inductors/models/ETQP6M4R7YLC,功率电感,SMT,ETQP6M4R7,8mm square,L1=4.3512uH | C1=17.14pF | R2=0.0087Ω | R1=5313.1403Ω | 8mm square | Power Choke Coils for Automotive application,Production,,,,https://industrial.panasonic.com/ww/products/pt/automotive-inductors/models/ETQP6M4R7YLC,Panasonic official PCC_Spara zip,官方PDF抽取,2026-04-19 17:36,Panasonic PCC_Spara | ETQP6M4R7YLC,,,,,,,,,,,,,,,,,,4.3512,uH,,,,,Power Choke Coils for Automotive application,panasonic_pcc_spara,,,,,,,,,,,8mm square
Panasonic(松下),ETQP8M1R0JFA,ETQP8M1R0,,,,,,,Automotive,Source archive: ETQP8M1R0JFA,Model PDF: ETQP8M1R0JFA,Power model page: https://industrial.panasonic.com/ww/products/pt/automotive-inductors/models/ETQP8M1R0JFA,功率电感,SMT,ETQP8M1R0,12mm square,L1=0.8739uH | C1=17.57pF | R2=0.0014Ω | R1=1728.33Ω | 12mm square | Power Choke Coils for Automotive application,Production,,,,https://industrial.panasonic.com/ww/products/pt/automotive-inductors/models/ETQP8M1R0JFA,Panasonic official PCC_Spara zip,官方PDF抽取,2026-04-19 17:36,Panasonic PCC_Spara | ETQP8M1R0JFA,,,,,,,,,,,,,,,,,,0.8739,uH,,,,,Power Choke Coils for Automotive application,panasonic_pcc_spara,,,,,,,,,,,12mm square
Panasonic(松下),ETQP8M1R5JFA,ETQP8M1R5,,,,,,,Automotive,Source archive: ETQP8M1R5JFA,Model PDF: ETQP8M1R5JFA,Power model page: https://industrial.panasonic.com/ww/products/pt/automotive-inductors/models/ETQP8M1R5JFA,功率电感,SMT,ETQP8M1R5,12mm square,L1=1.3843uH | C1=21.04pF | R2=0.0018Ω | R1=2614.59Ω | 12mm square | Power Choke Coils for Automotive application,Production,,,,https://industrial.panasonic.com/ww/products/pt/automotive-inductors/models/ETQP8M1R5JFA,Panasonic official PCC_Spara zip,官方PDF抽取,2026-04-19 17:36,Panasonic PCC_Spara | ETQP8M1R5JFA,,,,,,,,,,,,,,,,,,1.3843,uH,,,,,Power Choke Coils for Automotive application,panasonic_pcc_spara,,,,,,,,,,,12mm square
Panasonic(松下),ETQP8M2R5JFA,ETQP8M2R5,,,,,,,Automotive,Source archive: ETQP8M2R5JFA,Model PDF: ETQP8M2R5JFA,Power model page: https://industrial.panasonic.com/ww/products/pt/automotive-inductors/models/ETQP8M2R5JFA,功率电感,SMT,ETQP8M2R5,12mm square,L1=2.3759uH | C1=24.4pF | R2=0.0027Ω | R1=4731.84Ω | 12mm square | Power Choke Coils for Automotive application,Production,,,,https://industrial.panasonic.com/ww/products/pt/automotive-inductors/models/ETQP8M2R5JFA,Panasonic official PCC_Spara zip,官方PDF抽取,2026-04-19 17:36,Panasonic PCC_Spara | ETQP8M2R5JFA,,,,,,,,,,,,,,,,,,2.3759,uH,,,,,Power Choke Coils for Automotive application,panasonic_pcc_spara,,,,,,,,,,,12mm square
Panasonic(松下),ETQP8M3R3JFA,ETQP8M3R3,,,,,,,Automotive,Source archive: ETQP8M3R3JFA,Model PDF: ETQP8M3R3JFA,Power model page: https://industrial.panasonic.com/ww/products/pt/automotive-inductors/models/ETQP8M3R3JFA,功率电感,SMT,ETQP8M3R3,12mm square,L1=3.0038uH | C1=23.24pF | R2=0.0035Ω | R1=6016.02Ω | 12mm square | Power Choke Coils for Automotive application,Production,,,,https://industrial.panasonic.com/ww/products/pt/automotive-inductors/models/ETQP8M3R3JFA,Panasonic official PCC_Spara zip,官方PDF抽取,2026-04-19 17:36,Panasonic PCC_Spara | ETQP8M3R3JFA,,,,,,,,,,,,,,,,,,3.0038,uH,,,,,Power Choke Coils for Automotive application,panasonic_pcc_spara,,,,,,,,,,,12mm square
Panasonic(松下),ETQP8M4R7JFA,ETQP8M4R7,,,,,,,Automotive,Source archive: ETQP8M4R7JFA,Model PDF: ETQP8M4R7JFA,Power model page: https://industrial.panasonic.com/ww/products/pt/automotive-inductors/models/ETQP8M4R7JFA,功率电感,SMT,ETQP8M4R7,,Power Choke Coils for Automotive application,Production,,,,https://industrial.panasonic.com/ww/products/pt/automotive-inductors/models/ETQP8M4R7JFA,Panasonic official PCC_Spara zip,官方PDF抽取,2026-04-19 17:36,Panasonic PCC_Spara | ETQP8M4R7JFA,,,,,,,,,,,,,,,,,,,,,,,,Power Choke Coils for Automotive application,panasonic_pcc_spara,,,,,,,,,,,
Panasonic(松下),ETQP8MR33JFA,ETQP8MR33,,,,,,,Automotive,Source archive: ETQP8MR33JFA,Model PDF: ETQP8MR33JFA,Power model page: https://industrial.panasonic.com/ww/products/pt/automotive-inductors/models/ETQP8MR33JFA,功率电感,SMT,ETQP8MR33,12mm square,L1=0.2877uH | C1=9.44pF | R2=0.0007Ω | R1=534.2Ω | 12mm square | Power Choke Coils for Automotive application,Production,,,,https://industrial.panasonic.com/ww/products/pt/automotive-inductors/models/ETQP8MR33JFA,Panasonic official PCC_Spara zip,官方PDF抽取,2026-04-19 17:36,Panasonic PCC_Spara | ETQP8MR33JFA,,,,,,,,,,,,,,,,,,0.2877,uH,,,,,Power Choke Coils for Automotive application,panasonic_pcc_spara,,,,,,,,,,,12mm square
Panasonic(松下),ETQP8MR68JFA,ETQP8MR68,,,,,,,Automotive,Source archive: ETQP8MR68JFA,Model PDF: ETQP8MR68JFA,Power model page: https://industrial.panasonic.com/ww/products/pt/automotive-inductors/models/ETQP8MR68JFA,功率电感,SMT,ETQP8MR68,12mm square,L1=0.6019uH | C1=15.59pF | R2=0.0011Ω | R1=1164.11Ω | 12mm square | Power Choke Coils for Automotive application,Production,,,,https://industrial.panasonic.com/ww/products/pt/automotive-inductors/models/ETQP8MR68JFA,Panasonic official PCC_Spara zip,官方PDF抽取,2026-04-19 17:36,Panasonic PCC_Spara | ETQP8MR68JFA,,,,,,,,,,,,,,,,,,0.6019,uH,,,,,Power Choke Coils for Automotive application,panasonic_pcc_spara,,,,,,,,,,,12mm square
Panasonic(松下),ETQPAM1R0JFW,ETQPAM1R0,,,,,,,Automotive,Source archive: ETQPAM1R0JFW,Model PDF: ETQPAM1R0JFW,Power model page: https://industrial.panasonic.com/ww/products/pt/automotive-inductors/models/ETQPAM1R0JFW,功率电感,SMT,ETQPAM1R0,,Power Choke Coils for Automotive application,Production,,,,https://industrial.panasonic.com/ww/products/pt/automotive-inductors/models/ETQPAM1R0JFW,Panasonic official PCC_Spara zip,官方PDF抽取,2026-04-19 17:36,Panasonic PCC_Spara | ETQPAM1R0JFW,,,,,,,,,,,,,,,,,,,,,,,,Power Choke Coils for Automotive application,panasonic_pcc_spara,,,,,,,,,,,
Panasonic(松下),ETQPAM1R5JFW,ETQPAM1R5,,,,,,,Automotive,Source archive: ETQPAM1R5JFW,Model PDF: ETQPAM1R5JFW,Power model page: https://industrial.panasonic.com/ww/products/pt/automotive-inductors/models/ETQPAM1R5JFW,功率电感,SMT,ETQPAM1R5,,Power Choke Coils for Automotive application,Production,,,,https://industrial.panasonic.com/ww/products/pt/automotive-inductors/models/ETQPAM1R5JFW,Panasonic official PCC_Spara zip,官方PDF抽取,2026-04-19 17:36,Panasonic PCC_Spara | ETQPAM1R5JFW,,,,,,,,,,,,,,,,,,,,,,,,Power Choke Coils for Automotive application,panasonic_pcc_spara,,,,,,,,,,,
Panasonic(松下),ETQPAM2R5JFW,ETQPAM2R5,,,,,,,Automotive,Source archive: ETQPAM2R5JFW,Model PDF: ETQPAM2R5JFW,Power model page: https://industrial.panasonic.com/ww/products/pt/automotive-inductors/models/ETQPAM2R5JFW,功率电感,SMT,ETQPAM2R5,,Power Choke Coils for Automotive application,Production,,,,https://industrial.panasonic.com/ww/products/pt/automotive-inductors/models/ETQPAM2R5JFW,Panasonic official PCC_Spara zip,官方PDF抽取,2026-04-19 17:36,Panasonic PCC_Spara | ETQPAM2R5JFW,,,,,,,,,,,,,,,,,,,,,,,,Power Choke Coils for Automotive application,panasonic_pcc_spara,,,,,,,,,,,
Panasonic(松下),ETQPAM3R3JFW,ETQPAM3R3,,,,,,,Automotive,Source archive: ETQPAM3R3JFW,Model PDF: ETQPAM3R3JFW,Power model page: https://industrial.panasonic.com/ww/products/pt/automotive-inductors/models/ETQPAM3R3JFW,功率电感,SMT,ETQPAM3R3,,Power Choke Coils for Automotive application,Production,,,,https://industrial.panasonic.com/ww/products/pt/automotive-inductors/models/ETQPAM3R3JFW,Panasonic official PCC_Spara zip,官方PDF抽取,2026-04-19 17:36,Panasonic PCC_Spara | ETQPAM3R3JFW,,,,,,,,,,,,,,,,,,,,,,,,Power Choke Coils for Automotive application,panasonic_pcc_spara,,,,,,,,,,,
Panasonic(松下),ETQPAM4R7JFW,ETQPAM4R7,,,,,,,Automotive,Source archive: ETQPAM4R7JFW,Model PDF: ETQPAM4R7JFW,Power model page: https://industrial.panasonic.com/ww/products/pt/automotive-inductors/models/ETQPAM4R7JFW,功率电感,SMT,ETQPAM4R7,,Power Choke Coils for Automotive application,Production,,,,https://industrial.panasonic.com/ww/products/pt/automotive-inductors/models/ETQPAM4R7JFW,Panasonic official PCC_Spara zip,官方PDF抽取,2026-04-19 17:36,Panasonic PCC_Spara | ETQPAM4R7JFW,,,,,,,,,,,,,,,,,,,,,,,,Power Choke Coils for Automotive application,panasonic_pcc_spara,,,,,,,,,,,
Panasonic(松下),ETQPAMR33JFW,ETQPAMR33,,,,,,,Automotive,Source archive: ETQPAMR33JFW,Model PDF: ETQPAMR33JFW,Power model page: https://industrial.panasonic.com/ww/products/pt/automotive-inductors/models/ETQPAMR33JFW,功率电感,SMT,ETQPAMR33,,Power Choke Coils for Automotive application,Production,,,,https://industrial.panasonic.com/ww/products/pt/automotive-inductors/models/ETQPAMR33JFW,Panasonic official PCC_Spara zip,官方PDF抽取,2026-04-19 17:36,Panasonic PCC_Spara | ETQPAMR33JFW,,,,,,,,,,,,,,,,,,,,,,,,Power Choke Coils for Automotive application,panasonic_pcc_spara,,,,,,,,,,,
Panasonic(松下),ETQPAMR68JFW,ETQPAMR68,,,,,,,Automotive,Source archive: ETQPAMR68JFW,Model PDF: ETQPAMR68JFW,Power model page: https://industrial.panasonic.com/ww/products/pt/automotive-inductors/models/ETQPAMR68JFW,功率电感,SMT,ETQPAMR68,,Power Choke Coils for Automotive application,Production,,,,https://industrial.panasonic.com/ww/products/pt/automotive-inductors/models/ETQPAMR68JFW,Panasonic official PCC_Spara zip,官方PDF抽取,2026-04-19 17:36,Panasonic PCC_Spara | ETQPAMR68JFW,,,,,,,,,,,,,,,,,,,,,,,,Power Choke Coils for Automotive application,panasonic_pcc_spara,,,,,,,,,,,
Panasonic(松下),EXC14CE121U,EXC14CE,,,,,,,EMI/Noise filter,Source archive: EXC14CE121U,Top title: Common mode Noise Filters,Model page: https://industrial.panasonic.com/ww/products/pt/noise-filters/models/EXC14CE121U,共模电感,SMT,EXC14CE,,Common mode Noise Filters | CT1=0.2483p | RT21=5.459 | RT1=39.88 | LT1=1.574n | K1_2=0.9691 | C1=54.79p | C3=0.09404p | R1=128 | R2=0.1748 | R3=1024,Production,,,,https://industrial.panasonic.com/ww/products/pt/noise-filters/models/EXC14CE121U,Panasonic official Common_Spara zip,官方SPICE抽取,2026-04-19 17:36,Panasonic Common_Spara | EXC14CE121U,,,,,,,,,,,,,,,,,,1.574,nH,,,,,Common mode Noise Filters,panasonic_common_spara,,,,,,,,,,,
Panasonic(松下),EXC14CE650U,EXC14CE,,,,,,,EMI/Noise filter,Source archive: EXC14CE650U,Top title: Common mode Noise Filters,Model page: https://industrial.panasonic.com/ww/products/pt/noise-filters/models/EXC14CE650U,共模电感,SMT,EXC14CE,,Common mode Noise Filters | CT1=0.2223p | RT21=5.017 | RT1=11.68 | LT1=1.593n | K1_2=0.9495 | C1=478p | C3=0.09953p | R1=86.12 | R2=0.1532 | R3=6346,Production,,,,https://industrial.panasonic.com/ww/products/pt/noise-filters/models/EXC14CE650U,Panasonic official Common_Spara zip,官方SPICE抽取,2026-04-19 17:36,Panasonic Common_Spara | EXC14CE650U,,,,,,,,,,,,,,,,,,1.593,nH,,,,,Common mode Noise Filters,panasonic_common_spara,,,,,,,,,,,
Panasonic(松下),EXC14CE900U,EXC14CE,,,,,,,EMI/Noise filter,Source archive: EXC14CE900U,Top title: Common mode Noise Filters,Model page: https://industrial.panasonic.com/ww/products/pt/noise-filters/models/EXC14CE900U,共模电感,SMT,EXC14CE,,Common mode Noise Filters | CT1=0.2034p | RT21=6.239 | RT1=2.348 | LT1=1.094n | K1_2=0.9594 | C1=100p | C3=0.08991p | R1=231.9 | R2=0.1475 | R3=115.4,Production,,,,https://industrial.panasonic.com/ww/products/pt/noise-filters/models/EXC14CE900U,Panasonic official Common_Spara zip,官方SPICE抽取,2026-04-19 17:36,Panasonic Common_Spara | EXC14CE900U,,,,,,,,,,,,,,,,,,1.094,nH,,,,,Common mode Noise Filters,panasonic_common_spara,,,,,,,,,,,
Panasonic(松下),EXC14CG120U,EXC14CG,,,,,,,EMI/Noise filter,Source archive: EXC14CG120U,Top title: Common mode Noise Filters,Model page: https://industrial.panasonic.com/ww/products/pt/noise-filters/models/EXC14CG120U,共模电感,SMT,EXC14CG,,Common mode Noise Filters | CT1=0.07917p | RT21=4.793 | RT1=0.000003179 | LT1=0.8313n | K1_2=0.8841 | C1=895.1p | C3=0.04012p | R1=3389 | R2=0.0926 | R3=75.31,Production,,,,https://industrial.panasonic.com/ww/products/pt/noise-filters/models/EXC14CG120U,Panasonic official Common_Spara zip,官方SPICE抽取,2026-04-19 17:36,Panasonic Common_Spara | EXC14CG120U,,,,,,,,,,,,,,,,,,0.8313,nH,,,,,Common mode Noise Filters,panasonic_common_spara,,,,,,,,,,,
Panasonic(松下),EXC14CG350U,EXC14CG,,,,,,,EMI/Noise filter,Source archive: EXC14CG350U,Top title: Common mode Noise Filters,Model page: https://industrial.panasonic.com/ww/products/pt/noise-filters/models/EXC14CG350U,共模电感,SMT,EXC14CG,,Common mode Noise Filters | CT1=0.1355p | RT21=8.063 | RT1=5.303 | LT1=0.9623n | K1_2=0.9309 | C1=890.2p | C3=0.06673p | R1=7419 | R2=0.1636 | R3=182.4,Production,,,,https://industrial.panasonic.com/ww/products/pt/noise-filters/models/EXC14CG350U,Panasonic official Common_Spara zip,官方SPICE抽取,2026-04-19 17:36,Panasonic Common_Spara | EXC14CG350U,,,,,,,,,,,,,,,,,,0.9623,nH,,,,,Common mode Noise Filters,panasonic_common_spara,,,,,,,,,,,
Panasonic(松下),EXC14CG430U,EXC14CG,,,,,,,EMI/Noise filter,Source archive: EXC14CG430U,Top title: Common mode Noise Filters,Model page: https://industrial.panasonic.com/ww/products/pt/noise-filters/models/EXC14CG430U,共模电感,SMT,EXC14CG,,Common mode Noise Filters | CT1=0.1427p | RT21=6.648 | RT1=6.114 | LT1=0.934n | K1_2=0.9286 | C1=1000p | C3=0.06789p | R1=8737 | R2=0.1661 | R3=172.4,Production,,,,https://industrial.panasonic.com/ww/products/pt/noise-filters/models/EXC14CG430U,Panasonic official Common_Spara zip,官方SPICE抽取,2026-04-19 17:36,Panasonic Common_Spara | EXC14CG430U,,,,,,,,,,,,,,,,,,0.934,nH,,,,,Common mode Noise Filters,panasonic_common_spara,,,,,,,,,,,
Panasonic(松下),EXC14CH120U,EXC14CH,,,,,,,EMI/Noise filter,Source archive: EXC14CH120U,Top title: Common mode Noise Filters,Model page: https://industrial.panasonic.com/ww/products/pt/noise-filters/models/EXC14CH120U,共模电感,SMT,EXC14CH,,Common mode Noise Filters | CT1=0.03526p | RT21=4.22 | RT1=0.0003421 | LT1=0.6254n | K1_2=0.9227 | C1=99.22p | C3=0.04207p | R1=85.17 | R2=0.0256 | R3=4782,Production,,,,https://industrial.panasonic.com/ww/products/pt/noise-filters/models/EXC14CH120U,Panasonic official Common_Spara zip,官方SPICE抽取,2026-04-19 17:36,Panasonic Common_Spara | EXC14CH120U,,,,,,,,,,,,,,,,,,0.6254,nH,,,,,Common mode Noise Filters,panasonic_common_spara,,,,,,,,,,,
Panasonic(松下),EXC14CH350U,EXC14CH,,,,,,,EMI/Noise filter,Source archive: EXC14CH350U,Top title: Common mode Noise Filters,Model page: https://industrial.panasonic.com/ww/products/pt/noise-filters/models/EXC14CH350U,共模电感,SMT,EXC14CH,,Common mode Noise Filters | CT1=0.09163p | RT21=9120 | RT1=0.001882 | LT1=0.3505n | K1_2=0.9444 | C1=888.2p | C3=0.05074p | R1=1595 | R2=0.065 | R3=139.1,Production,,,,https://industrial.panasonic.com/ww/products/pt/noise-filters/models/EXC14CH350U,Panasonic official Common_Spara zip,官方SPICE抽取,2026-04-19 17:36,Panasonic Common_Spara | EXC14CH350U,,,,,,,,,,,,,,,,,,0.3505,nH,,,,,Common mode Noise Filters,panasonic_common_spara,,,,,,,,,,,
Panasonic(松下),EXC14CP121U,EXC14CP,,,,,,,2 mode filter,Source archive: EXC14CP121U,Top title: 2 mode Filters,Model page: https://industrial.panasonic.com/ww/products/pt/noise-filters/models/EXC14CP121U,共模电感,SMT,EXC14CP,,2 mode Filters | RT=1000 | RT2=0.006385 | LT=0.973n | K1=0.8662 | K2=0.0 | CG=0p | CG2=0.0000p | CB1=0.3277p | CB2=0.09617p,Production,,,,https://industrial.panasonic.com/ww/products/pt/noise-filters/models/EXC14CP121U,Panasonic official Common_Spara zip,官方SPICE抽取,2026-04-19 17:36,Panasonic Common_Spara | EXC14CP121U,,,,,,,,,,,,,,,,,,0.973,nH,,,,,2 mode Filters,panasonic_common_spara,,,,,,,,,,,
Panasonic(松下),EXC14CP221U,EXC14CP,,,,,,,2 mode filter,Source archive: EXC14CP221U,Top title: 2 mode Filters,Model page: https://industrial.panasonic.com/ww/products/pt/noise-filters/models/EXC14CP221U,共模电感,SMT,EXC14CP,,2 mode Filters | RT=45.07 | RT2=0.2385 | LT=11.38n | K1=0.9656 | K2=0.0 | CG=0p | CG2=0.0000p | CB1=0.428p | CB2=0.0146p,Production,,,,https://industrial.panasonic.com/ww/products/pt/noise-filters/models/EXC14CP221U,Panasonic official Common_Spara zip,官方SPICE抽取,2026-04-19 17:36,Panasonic Common_Spara | EXC14CP221U,,,,,,,,,,,,,,,,,,11.38,nH,,,,,2 mode Filters,panasonic_common_spara,,,,,,,,,,,
Panasonic(松下),EXC14CT500U,EXC14CT,,,,,,,EMI/Noise filter,Source archive: EXC14CT500U,Top title: Common mode Noise Filters,Model page: https://industrial.panasonic.com/ww/products/pt/noise-filters/models/EXC14CT500U,共模电感,SMT,EXC14CT,,Common mode Noise Filters | CT1=0.13181p | RT21=7.714 | RT1=29.44 | LT1=0.8684n | K1_2=0.9452 | C1=0.0000003121p | C3=0.08535p | R1=359.7 | R2=0.1802 | R3=8883,Production,,,,https://industrial.panasonic.com/ww/products/pt/noise-filters/models/EXC14CT500U,Panasonic official Common_Spara zip,官方SPICE抽取,2026-04-19 17:36,Panasonic Common_Spara | EXC14CT500U,,,,,,,,,,,,,,,,,,0.8684,nH,,,,,Common mode Noise Filters,panasonic_common_spara,,,,,,,,,,,
Panasonic(松下),EXC14CT900U,EXC14CT,,,,,,,EMI/Noise filter,Source archive: EXC14CT900U,Top title: Common mode Noise Filters,Model page: https://industrial.panasonic.com/ww/products/pt/noise-filters/models/EXC14CT900U,共模电感,SMT,EXC14CT,,Common mode Noise Filters | CT1=0.1831p | RT21=10.53 | RT1=59.71 | LT1=1.042n | K1_2=0.9568 | C1=996.5p | C3=0.1164p | R1=534.4 | R2=0.2348 | R3=8765,Production,,,,https://industrial.panasonic.com/ww/products/pt/noise-filters/models/EXC14CT900U,Panasonic official Common_Spara zip,官方SPICE抽取,2026-04-19 17:36,Panasonic Common_Spara | EXC14CT900U,,,,,,,,,,,,,,,,,,1.042,nH,,,,,Common mode Noise Filters,panasonic_common_spara,,,,,,,,,,,
Panasonic(松下),EXC14CX280U,EXC14CX,,,,,,,EMI/Noise filter,Source archive: EXC14CX280U,Top title: Common mode Noise Filters,Model page: https://industrial.panasonic.com/ww/products/pt/noise-filters/models/EXC14CX280U,共模电感,SMT,EXC14CX,,Common mode Noise Filters | CT1=0.5175p | RT21=25.33 | RT1=0.554 | LT1=4.813n | K1_2=0.9713 | C1=988.6p | C3=0.1178p | R1=3855 | R2=0.1661 | R3=133.6,Production,,,,https://industrial.panasonic.com/ww/products/pt/noise-filters/models/EXC14CX280U,Panasonic official Common_Spara zip,官方SPICE抽取,2026-04-19 17:36,Panasonic Common_Spara | EXC14CX280U,,,,,,,,,,,,,,,,,,4.813,nH,,,,,Common mode Noise Filters,panasonic_common_spara,,,,,,,,,,,
Panasonic(松下),EXC14X400U,EXC14X,,,,,,,EMI/Noise filter,Source archive: EXC14CX400U,Top title: Common mode Noise Filters,Model page: https://industrial.panasonic.com/ww/products/pt/noise-filters/models/EXC14X400U,共模电感,SMT,EXC14X,,Common mode Noise Filters | CT1=99980p | RT21=34.56 | RT1=9998 | LT1=6.673n | K1_2=0.9509 | C1=4.141p | C3=0.1149p | R1=250.2 | R2=0.2092 | R3=4,Production,,,,https://industrial.panasonic.com/ww/products/pt/noise-filters/models/EXC14X400U,Panasonic official Common_Spara zip,官方SPICE抽取,2026-04-19 17:36,Panasonic Common_Spara | EXC14CX400U,,,,,,,,,,,,,,,,,,6.673,nH,,,,,Common mode Noise Filters,panasonic_common_spara,,,,,,,,,,,
Panasonic(松下),EXC16CT250U,EXC16CT,,,,,,,EMI/Noise filter,Source archive: EXC16CT250U,Top title: Common mode Noise Filters,Model page: https://industrial.panasonic.com/ww/products/pt/noise-filters/models/EXC16CT250U,共模电感,SMT,EXC16CT,,Common mode Noise Filters | K1_2=0.92260685 | CB1=0.0364139p | CB2=0.094297p,Production,,,,https://industrial.panasonic.com/ww/products/pt/noise-filters/models/EXC16CT250U,Panasonic official Common_Spara zip,官方SPICE抽取,2026-04-19 17:36,Panasonic Common_Spara | EXC16CT250U,,,,,,,,,,,,,,,,,,,,,,,,Common mode Noise Filters,panasonic_common_spara,,,,,,,,,,,
Panasonic(松下),EXC16CT350U,EXC16CT,,,,,,,EMI/Noise filter,Source archive: EXC16CT350U,Top title: Common mode Noise Filters,Model page: https://industrial.panasonic.com/ww/products/pt/noise-filters/models/EXC16CT350U,共模电感,SMT,EXC16CT,,Common mode Noise Filters | K1_2=0.90546 | CB1=0.030413p | CB2=0.0000275p,Production,,,,https://industrial.panasonic.com/ww/products/pt/noise-filters/models/EXC16CT350U,Panasonic official Common_Spara zip,官方SPICE抽取,2026-04-19 17:36,Panasonic Common_Spara | EXC16CT350U,,,,,,,,,,,,,,,,,,,,,,,,Common mode Noise Filters,panasonic_common_spara,,,,,,,,,,,
Panasonic(松下),EXC18CE201U,EXC18CE,,,,,,,EMI/Noise filter,Source archive: EXC18CE201U,Top title: Common mode Noise Filters,Model page: https://industrial.panasonic.com/ww/products/pt/noise-filters/models/EXC18CE201U,共模电感,SMT,EXC18CE,,Common mode Noise Filters | CT1=0.1727p | RT21=32.4 | RT1=0.06846 | LT1=1.45n | K1_2=0.983 | C1=797.7p | C3=0.1194p | R1=8750 | R2=0.1813 | R3=144.6,Production,,,,https://industrial.panasonic.com/ww/products/pt/noise-filters/models/EXC18CE201U,Panasonic official Common_Spara zip,官方SPICE抽取,2026-04-19 17:36,Panasonic Common_Spara | EXC18CE201U,,,,,,,,,,,,,,,,,,1.45,nH,,,,,Common mode Noise Filters,panasonic_common_spara,,,,,,,,,,,
Panasonic(松下),EXC18CE650U,EXC18CE,,,,,,,EMI/Noise filter,Source archive: EXC18CE650U,Top title: Common mode Noise Filters,Model page: https://industrial.panasonic.com/ww/products/pt/noise-filters/models/EXC18CE650U,共模电感,SMT,EXC18CE,,Common mode Noise Filters | CT1=0.2223p | RT21=5.017 | RT1=11.68 | LT1=1.593n | K1_2=0.9495 | C1=478p | C3=0.09953p | R1=86.12 | R2=0.1532 | R3=6346,Production,,,,https://industrial.panasonic.com/ww/products/pt/noise-filters/models/EXC18CE650U,Panasonic official Common_Spara zip,官方SPICE抽取,2026-04-19 17:36,Panasonic Common_Spara | EXC18CE650U,,,,,,,,,,,,,,,,,,1.593,nH,,,,,Common mode Noise Filters,panasonic_common_spara,,,,,,,,,,,
Panasonic(松下),EXC18CE900U,EXC18CE,,,,,,,EMI/Noise filter,Source archive: EXC18CE900U,Top title: Common mode Noise Filters,Model page: https://industrial.panasonic.com/ww/products/pt/noise-filters/models/EXC18CE900U,共模电感,SMT,EXC18CE,,Common mode Noise Filters | CT1=0.2034p | RT21=6.239 | RT1=2.348 | LT1=1.094n | K1_2=0.9594 | C1=100p | C3=0.08991p | R1=231.9 | R2=0.1475 | R3=115.4,Production,,,,https://industrial.panasonic.com/ww/products/pt/noise-filters/models/EXC18CE900U,Panasonic official Common_Spara zip,官方SPICE抽取,2026-04-19 17:36,Panasonic Common_Spara | EXC18CE900U,,,,,,,,,,,,,,,,,,1.094,nH,,,,,Common mode Noise Filters,panasonic_common_spara,,,,,,,,,,,
Panasonic(松下),EXC18CG430U,EXC18CG,,,,,,,EMI/Noise filter,Source archive: EXC18CG430U,Top title: Common mode Noise Filters,Model page: https://industrial.panasonic.com/ww/products/pt/noise-filters/models/EXC18CG430U,共模电感,SMT,EXC18CG,,Common mode Noise Filters | CT1=0.1427p | RT21=6.648 | RT1=6.114 | LT1=0.934n | K1_2=0.9286 | C1=1000p | C3=0.06789p | R1=8737 | R2=0.1661 | R3=172.4,Production,,,,https://industrial.panasonic.com/ww/products/pt/noise-filters/models/EXC18CG430U,Panasonic official Common_Spara zip,官方SPICE抽取,2026-04-19 17:36,Panasonic Common_Spara | EXC18CG430U,,,,,,,,,,,,,,,,,,0.934,nH,,,,,Common mode Noise Filters,panasonic_common_spara,,,,,,,,,,,
Panasonic(松下),EXC24CB102U,EXC24CB,,,,,,,2 mode filter,Source archive: EXC24CB102U,Top title: 2 mode Filters,Model page: https://industrial.panasonic.com/ww/products/pt/noise-filters/models/EXC24CB102U,共模电感,SMT,EXC24CB,,2 mode Filters | RT=45.83 | RT2=0.4293 | LT=76.5n | K1=0.7652 | K2=0.07687 | CG=0.1006p | CG2=0.0000 | CB1=0.3805p | CB2=0.3393p,Production,,,,https://industrial.panasonic.com/ww/products/pt/noise-filters/models/EXC24CB102U,Panasonic official Common_Spara zip,官方SPICE抽取,2026-04-19 17:36,Panasonic Common_Spara | EXC24CB102U,,,,,,,,,,,,,,,,,,76.5,nH,,,,,2 mode Filters,panasonic_common_spara,,,,,,,,,,,
Panasonic(松下),EXC24CB221U,EXC24CB,,,,,,,2 mode filter,Source archive: EXC24CB221U,Top title: 2 mode Filters,Model page: https://industrial.panasonic.com/ww/products/pt/noise-filters/models/EXC24CB221U,共模电感,SMT,EXC24CB,,2 mode Filters | RT=37.24 | RT2=0.0998 | LT=18.46n | K1=0.865 | K2=0.0538 | CG=0.079p | CG2=0 | CB1=0.353p | CB2=0.090p,Production,,,,https://industrial.panasonic.com/ww/products/pt/noise-filters/models/EXC24CB221U,Panasonic official Common_Spara zip,官方SPICE抽取,2026-04-19 17:36,Panasonic Common_Spara | EXC24CB221U,,,,,,,,,,,,,,,,,,18.46,nH,,,,,2 mode Filters,panasonic_common_spara,,,,,,,,,,,
Panasonic(松下),EXC24CE121U,EXC24CE,,,,,,,EMI/Noise filter,Source archive: EXC24CE121U,Top title: Common mode Noise Filters,Model page: https://industrial.panasonic.com/ww/products/pt/noise-filters/models/EXC24CE121U,共模电感,SMT,EXC24CE,,Common mode Noise Filters | CT1=0.2399p | RT21=5.449 | RT1=20.75 | LT1=1.291n | K1_2=0.9714 | C1=957.9p | C3=0.1524p | R1=5794 | R2=0.1401 | R3=113.2,Production,,,,https://industrial.panasonic.com/ww/products/pt/noise-filters/models/EXC24CE121U,Panasonic official Common_Spara zip,官方SPICE抽取,2026-04-19 17:36,Panasonic Common_Spara | EXC24CE121U,,,,,,,,,,,,,,,,,,1.291,nH,,,,,Common mode Noise Filters,panasonic_common_spara,,,,,,,,,,,
Panasonic(松下),EXC24CE201U,EXC24CE,,,,,,,EMI/Noise filter,Source archive: EXC24CE201U,Top title: Common mode Noise Filters,Model page: https://industrial.panasonic.com/ww/products/pt/noise-filters/models/EXC24CE201U,共模电感,SMT,EXC24CE,,Common mode Noise Filters | CT1=0.3288p | RT21=6.442 | RT1=13.6 | LT1=1.486n | K1_2=0.9701 | C1=898.4p | C3=0.1803p | R1=4156 | R2=0.1698 | R3=156.2,Production,,,,https://industrial.panasonic.com/ww/products/pt/noise-filters/models/EXC24CE201U,Panasonic official Common_Spara zip,官方SPICE抽取,2026-04-19 17:36,Panasonic Common_Spara | EXC24CE201U,,,,,,,,,,,,,,,,,,1.486,nH,,,,,Common mode Noise Filters,panasonic_common_spara,,,,,,,,,,,
Panasonic(松下),EXC24CE331U,EXC24CE,,,,,,,EMI/Noise filter,Source archive: EXC24CE331U,Top title: Common mode Noise Filters,Model page: https://industrial.panasonic.com/ww/products/pt/noise-filters/models/EXC24CE331U,共模电感,SMT,EXC24CE,,Common mode Noise Filters | RT=49.69 | LT=0.508471n | K1_2=0.975192 | C1=2.6p | C3=0.1043p | R1=110 | R2=0.1057 | R3=50,Production,,,,https://industrial.panasonic.com/ww/products/pt/noise-filters/models/EXC24CE331U,Panasonic official Common_Spara zip,官方SPICE抽取,2026-04-19 17:36,Panasonic Common_Spara | EXC24CE331U,,,,,,,,,,,,,,,,,,0.5085,nH,,,,,Common mode Noise Filters,panasonic_common_spara,,,,,,,,,,,
Panasonic(松下),EXC24CE360UP,EXC24CE360UP,,,,,,,EMI/Noise filter,Source archive: EXC24CE360UP,Top title: Common mode Noise Filters,Model page: https://industrial.panasonic.com/ww/products/pt/noise-filters/models/EXC24CE360UP,共模电感,SMT,EXC24CE360UP,,Common mode Noise Filters | CT1=0.3276p | RT21=9.47 | RT1=11.03 | LT1=1.173n | K1_2=0.868 | C1=904.5p | C3=0.1239p | R1=936.8 | R2=0.08244 | R3=198.4,Production,,,,https://industrial.panasonic.com/ww/products/pt/noise-filters/models/EXC24CE360UP,Panasonic official Common_Spara zip,官方SPICE抽取,2026-04-19 17:36,Panasonic Common_Spara | EXC24CE360UP,,,,,,,,,,,,,,,,,,1.173,nH,,,,,Common mode Noise Filters,panasonic_common_spara,,,,,,,,,,,
Panasonic(松下),EXC24CE900U,EXC24CE,,,,,,,EMI/Noise filter,Source archive: EXC24CE900U,Top title: Common mode Noise Filters,Model page: https://industrial.panasonic.com/ww/products/pt/noise-filters/models/EXC24CE900U,共模电感,SMT,EXC24CE,,Common mode Noise Filters | CT1=0.2625p | RT21=6.759 | RT1=19.85 | LT1=1.191n | K1_2=0.9618 | C1=990.2p | C3=0.1427p | R1=8616 | R2=0.1133 | R3=97.32,Production,,,,https://industrial.panasonic.com/ww/products/pt/noise-filters/models/EXC24CE900U,Panasonic official Common_Spara zip,官方SPICE抽取,2026-04-19 17:36,Panasonic Common_Spara | EXC24CE900U,,,,,,,,,,,,,,,,,,1.191,nH,,,,,Common mode Noise Filters,panasonic_common_spara,,,,,,,,,,,
Panasonic(松下),EXC24CF900U,EXC24CF,,,,,,,EMI/Noise filter,Source archive: EXC24CF900U,Top title: Common mode Noise Filters,Model page: https://industrial.panasonic.com/ww/products/pt/noise-filters/models/EXC24CF900U,共模电感,SMT,EXC24CF,,Common mode Noise Filters | CT1=0.4256p | RT21=6.538 | RT1=31.71 | LT1=1.707n | K1_2=0.9466 | C1=0.3623p | C3=0.1867p | R1=258.5 | R2=0.1524 | R3=85.84,Production,,,,https://industrial.panasonic.com/ww/products/pt/noise-filters/models/EXC24CF900U,Panasonic official Common_Spara zip,官方SPICE抽取,2026-04-19 17:36,Panasonic Common_Spara | EXC24CF900U,,,,,,,,,,,,,,,,,,1.707,nH,,,,,Common mode Noise Filters,panasonic_common_spara,,,,,,,,,,,
Panasonic(松下),EXC24CG240U,EXC24CG,,,,,,,EMI/Noise filter,Source archive: EXC24CG240U,Top title: Common mode Noise Filters,Model page: https://industrial.panasonic.com/ww/products/pt/noise-filters/models/EXC24CG240U,共模电感,SMT,EXC24CG,,Common mode Noise Filters | CT1=0.1036p | RT21=8.839 | RT1=27.37 | LT1=1.043n | K1_2=0.9201 | C1=874p | C3=0.06123p | R1=4199 | R2=0.09307 | R3=128.5,Production,,,,https://industrial.panasonic.com/ww/products/pt/noise-filters/models/EXC24CG240U,Panasonic official Common_Spara zip,官方SPICE抽取,2026-04-19 17:36,Panasonic Common_Spara | EXC24CG240U,,,,,,,,,,,,,,,,,,1.043,nH,,,,,Common mode Noise Filters,panasonic_common_spara,,,,,,,,,,,
Panasonic(松下),EXC24CG360U,EXC24CG,,,,,,,EMI/Noise filter,Source archive: EXC24CG360U,Top title: Common mode Noise Filters,Model page: https://industrial.panasonic.com/ww/products/pt/noise-filters/models/EXC24CG360U,共模电感,SMT,EXC24CG,,Common mode Noise Filters | CT1=0.1253p | RT21=10.56 | RT1=17.83 | LT1=1.031n | K1_2=0.94 | C1=715.9p | C3=0.06768p | R1=3188 | R2=0.0602 | R3=147.6,Production,,,,https://industrial.panasonic.com/ww/products/pt/noise-filters/models/EXC24CG360U,Panasonic official Common_Spara zip,官方SPICE抽取,2026-04-19 17:36,Panasonic Common_Spara | EXC24CG360U,,,,,,,,,,,,,,,,,,1.031,nH,,,,,Common mode Noise Filters,panasonic_common_spara,,,,,,,,,,,
Panasonic(松下),EXC24CG900U,EXC24CG,,,,,,,EMI/Noise filter,Source archive: EXC24CG900U,Top title: Common mode Noise Filters,Model page: https://industrial.panasonic.com/ww/products/pt/noise-filters/models/EXC24CG900U,共模电感,SMT,EXC24CG,,Common mode Noise Filters | CT1=0.2037p | RT21=6.374 | RT1=26.21 | LT1=1.238n | K1_2=0.9468 | C1=404.8p | C3=0.1107p | R1=8014 | R2=0.1706 | R3=242,Production,,,,https://industrial.panasonic.com/ww/products/pt/noise-filters/models/EXC24CG900U,Panasonic official Common_Spara zip,官方SPICE抽取,2026-04-19 17:36,Panasonic Common_Spara | EXC24CG900U,,,,,,,,,,,,,,,,,,1.238,nH,,,,,Common mode Noise Filters,panasonic_common_spara,,,,,,,,,,,
Panasonic(松下),EXC24CH500U,EXC24CH,,,,,,,EMI/Noise filter,Source archive: EXC24CH500U,Top title: Common mode Noise Filters,Model page: https://industrial.panasonic.com/ww/products/pt/noise-filters/models/EXC24CH500U,共模电感,SMT,EXC24CH,,Common mode Noise Filters | CT1=0.0415p | RT21=1.455 | RT1=0.01332 | LT1=0.4516n | K1_2=0.9655 | C1=1000p | C3=0.05314p | R1=2741 | R2=0.06998 | R3=85.43,Production,,,,https://industrial.panasonic.com/ww/products/pt/noise-filters/models/EXC24CH500U,Panasonic official Common_Spara zip,官方SPICE抽取,2026-04-19 17:36,Panasonic Common_Spara | EXC24CH500U,,,,,,,,,,,,,,,,,,0.4516,nH,,,,,Common mode Noise Filters,panasonic_common_spara,,,,,,,,,,,
Panasonic(松下),EXC24CH500UR,EXC24CH500UR,,,,,,,EMI/Noise filter,Source archive: EXC24CH500UR,Top title: Common mode Noise Filters,Model page: https://industrial.panasonic.com/ww/products/pt/noise-filters/models/EXC24CH500UR,共模电感,SMT,EXC24CH500UR,,Common mode Noise Filters | CT1=0.0415p | RT21=1.455 | RT1=0.01332 | LT1=0.4516n | K1_2=0.9655 | C1=1000p | C3=0.05314p | R1=2741 | R2=0.06998 | R3=85.43,Production,,,,https://industrial.panasonic.com/ww/products/pt/noise-filters/models/EXC24CH500UR,Panasonic official Common_Spara zip,官方SPICE抽取,2026-04-19 17:36,Panasonic Common_Spara | EXC24CH500UR,,,,,,,,,,,,,,,,,,0.4516,nH,,,,,Common mode Noise Filters,panasonic_common_spara,,,,,,,,,,,
Panasonic(松下),EXC24CH900U,EXC24CH,,,,,,,EMI/Noise filter,Source archive: EXC24CH900U,Top title: Common mode Noise Filters,Model page: https://industrial.panasonic.com/ww/products/pt/noise-filters/models/EXC24CH900U,共模电感,SMT,EXC24CH,,Common mode Noise Filters | CT1=0.0678p | RT21=0.673 | RT1=110.9 | LT1=70.288n | K1_2=0.9577 | C1=928p | C3=0.06539p | R1=883.5 | R2=0.04769 | R3=163.6,Production,,,,https://industrial.panasonic.com/ww/products/pt/noise-filters/models/EXC24CH900U,Panasonic official Common_Spara zip,官方SPICE抽取,2026-04-19 17:36,Panasonic Common_Spara | EXC24CH900U,,,,,,,,,,,,,,,,,,70.288,nH,,,,,Common mode Noise Filters,panasonic_common_spara,,,,,,,,,,,
Panasonic(松下),EXC24CH900UR,EXC24CH900UR,,,,,,,EMI/Noise filter,Source archive: EXC24CH900UR,Top title: Common mode Noise Filters,Model page: https://industrial.panasonic.com/ww/products/pt/noise-filters/models/EXC24CH900UR,共模电感,SMT,EXC24CH900UR,,Common mode Noise Filters | CT1=0.0678p | RT21=0.673 | RT1=110.9 | LT1=70.288n | K1_2=0.9577 | C1=928p | C3=0.06539p | R1=883.5 | R2=0.04769 | R3=163.6,Production,,,,https://industrial.panasonic.com/ww/products/pt/noise-filters/models/EXC24CH900UR,Panasonic official Common_Spara zip,官方SPICE抽取,2026-04-19 17:36,Panasonic Common_Spara | EXC24CH900UR,,,,,,,,,,,,,,,,,,70.288,nH,,,,,Common mode Noise Filters,panasonic_common_spara,,,,,,,,,,,
Panasonic(松下),EXC24CK350U,EXC24CK,,,,,,,EMI/Noise filter,Source archive: EXC24CK350U,Top title: Common mode Noise Filters,Model page: https://industrial.panasonic.com/ww/products/pt/noise-filters/models/EXC24CK350U,共模电感,SMT,EXC24CK,,Common mode Noise Filters | RT=7.44321 | LT=0.4n | K1_2=0.925229 | C1=0.00001p | C3=0.020584p | R1=120.097 | R2=0.0666 | R3=1000,Production,,,,https://industrial.panasonic.com/ww/products/pt/noise-filters/models/EXC24CK350U,Panasonic official Common_Spara zip,官方SPICE抽取,2026-04-19 17:36,Panasonic Common_Spara | EXC24CK350U,,,,,,,,,,,,,,,,,,0.4,nH,,,,,Common mode Noise Filters,panasonic_common_spara,,,,,,,,,,,
Panasonic(松下),EXC24CN601X,EXC24CN,,,,,,,2 mode filter,Source archive: EXC24CN601X,Top title: 2 mode Filters,Model page: https://industrial.panasonic.com/ww/products/pt/noise-filters/models/EXC24CN601X,共模电感,SMT,EXC24CN,,2 mode Filters | RT=43.89 | RT2=0.3293 | LT=82.84n | K1=0.6922 | K2=0.2032 | CG=0.1322p | CG2=0.0000 | CB1=0.1827p | CB2=0.3802p,Production,,,,https://industrial.panasonic.com/ww/products/pt/noise-filters/models/EXC24CN601X,Panasonic official Common_Spara zip,官方SPICE抽取,2026-04-19 17:36,Panasonic Common_Spara | EXC24CN601X,,,,,,,,,,,,,,,,,,82.84,nH,,,,,2 mode Filters,panasonic_common_spara,,,,,,,,,,,
Panasonic(松下),EXC24CP121U,EXC24CP,,,,,,,2 mode filter,Source archive: EXC24CP121U,Top title: 2 mode Filters,Model page: https://industrial.panasonic.com/ww/products/pt/noise-filters/models/EXC24CP121U,共模电感,SMT,EXC24CP,,2 mode Filters | RT=1MEG | RT2=0.083 | LT=1.494n | K1=0.8321 | K2=0.02944 | CG=0.0656p | CG2=0.0000 | CB1=0.2495p | CB2=0.3193p,Production,,,,https://industrial.panasonic.com/ww/products/pt/noise-filters/models/EXC24CP121U,Panasonic official Common_Spara zip,官方SPICE抽取,2026-04-19 17:36,Panasonic Common_Spara | EXC24CP121U,,,,,,,,,,,,,,,,,,1.494,nH,,,,,2 mode Filters,panasonic_common_spara,,,,,,,,,,,
Panasonic(松下),EXC24CP221U,EXC24CP,,,,,,,2 mode filter,Source archive: EXC24CP221U,Top title: 2 mode Filters,Model page: https://industrial.panasonic.com/ww/products/pt/noise-filters/models/EXC24CP221U,共模电感,SMT,EXC24CP,,2 mode Filters | RT=36.41 | RT2=0.0925 | LT=55.67n | K1=0.8932 | K2=0.269 | CG=0.04171p | CG2=0.0000 | CB1=0.6674p | CB2=0.0611p,Production,,,,https://industrial.panasonic.com/ww/products/pt/noise-filters/models/EXC24CP221U,Panasonic official Common_Spara zip,官方SPICE抽取,2026-04-19 17:36,Panasonic Common_Spara | EXC24CP221U,,,,,,,,,,,,,,,,,,55.67,nH,,,,,2 mode Filters,panasonic_common_spara,,,,,,,,,,,
Panasonic(松下),EXC28CE121U,EXC28CE,,,,,,,EMI/Noise filter,Source archive: EXC28CE121U,Top title: Common mode Noise Filters,Model page: https://industrial.panasonic.com/ww/products/pt/noise-filters/models/EXC28CE121U,共模电感,SMT,EXC28CE,,Common mode Noise Filters | CT1=0.2399p | RT21=5.449 | RT1=20.75 | LT1=1.291n | K1_2=0.9714 | C1=957.9p | C3=0.1524p | R1=5794 | R2=0.1401 | R3=113.2,Production,,,,https://industrial.panasonic.com/ww/products/pt/noise-filters/models/EXC28CE121U,Panasonic official Common_Spara zip,官方SPICE抽取,2026-04-19 17:36,Panasonic Common_Spara | EXC28CE121U,,,,,,,,,,,,,,,,,,1.291,nH,,,,,Common mode Noise Filters,panasonic_common_spara,,,,,,,,,,,
Panasonic(松下),EXC28CE201U,EXC28CE,,,,,,,EMI/Noise filter,Source archive: EXC28CE201U,Top title: Common mode Noise Filters,Model page: https://industrial.panasonic.com/ww/products/pt/noise-filters/models/EXC28CE201U,共模电感,SMT,EXC28CE,,Common mode Noise Filters | CT1=0.3288p | RT21=6.442 | RT1=13.6 | LT1=1.486n | K1_2=0.9701 | C1=898.4p | C3=0.1803p | R1=4156 | R2=0.1698 | R3=156.2,Production,,,,https://industrial.panasonic.com/ww/products/pt/noise-filters/models/EXC28CE201U,Panasonic official Common_Spara zip,官方SPICE抽取,2026-04-19 17:36,Panasonic Common_Spara | EXC28CE201U,,,,,,,,,,,,,,,,,,1.486,nH,,,,,Common mode Noise Filters,panasonic_common_spara,,,,,,,,,,,
Panasonic(松下),EXC28CE900U,EXC28CE,,,,,,,EMI/Noise filter,Source archive: EXC28CE900U,Top title: Common mode Noise Filters,Model page: https://industrial.panasonic.com/ww/products/pt/noise-filters/models/EXC28CE900U,共模电感,SMT,EXC28CE,,Common mode Noise Filters | CT1=0.2625p | RT21=6.759 | RT1=19.85 | LT1=1.191n | K1_2=0.9618 | C1=990.2p | C3=0.1427p | R1=8616 | R2=0.1133 | R3=97.32,Production,,,,https://industrial.panasonic.com/ww/products/pt/noise-filters/models/EXC28CE900U,Panasonic official Common_Spara zip,官方SPICE抽取,2026-04-19 17:36,Panasonic Common_Spara | EXC28CE900U,,,,,,,,,,,,,,,,,,1.191,nH,,,,,Common mode Noise Filters,panasonic_common_spara,,,,,,,,,,,
Panasonic(松下),EXC28CG240U,EXC28CG,,,,,,,EMI/Noise filter,Source archive: EXC28CG240U,Top title: Common mode Noise Filters,Model page: https://industrial.panasonic.com/ww/products/pt/noise-filters/models/EXC28CG240U,共模电感,SMT,EXC28CG,,Common mode Noise Filters | CT1=0.1036p | RT21=8.839 | RT1=27.37 | LT1=1.043n | K1_2=0.9201 | C1=874p | C3=0.06123p | R1=4199 | R2=0.09307 | R3=128.5,Production,,,,https://industrial.panasonic.com/ww/products/pt/noise-filters/models/EXC28CG240U,Panasonic official Common_Spara zip,官方SPICE抽取,2026-04-19 17:36,Panasonic Common_Spara | EXC28CG240U,,,,,,,,,,,,,,,,,,1.043,nH,,,,,Common mode Noise Filters,panasonic_common_spara,,,,,,,,,,,
Panasonic(松下),EXC28CG900U,EXC28CG,,,,,,,EMI/Noise filter,Source archive: EXC28CG900U,Top title: Common mode Noise Filters,Model page: https://industrial.panasonic.com/ww/products/pt/noise-filters/models/EXC28CG900U,共模电感,SMT,EXC28CG,,Common mode Noise Filters | CT1=0.2037p | RT21=6.374 | RT1=26.21 | LT1=1.238n | K1_2=0.9468 | C1=404.8p | C3=0.1107p | R1=8014 | R2=0.1706 | R3=242,Production,,,,https://industrial.panasonic.com/ww/products/pt/noise-filters/models/EXC28CG900U,Panasonic official Common_Spara zip,官方SPICE抽取,2026-04-19 17:36,Panasonic Common_Spara | EXC28CG900U,,,,,,,,,,,,,,,,,,1.238,nH,,,,,Common mode Noise Filters,panasonic_common_spara,,,,,,,,,,,
Panasonic(松下),EXC28CH500U,EXC28CH,,,,,,,EMI/Noise filter,Source archive: EXC28CH500U,Top title: Common mode Noise Filters,Model page: https://industrial.panasonic.com/ww/products/pt/noise-filters/models/EXC28CH500U,共模电感,SMT,EXC28CH,,Common mode Noise Filters | CT1=0.0415p | RT21=1.455 | RT1=0.01332 | LT1=0.4516n | K1_2=0.9655 | C1=1000p | C3=0.05314p | R1=2741 | R2=0.06998 | R3=85.43,Production,,,,https://industrial.panasonic.com/ww/products/pt/noise-filters/models/EXC28CH500U,Panasonic official Common_Spara zip,官方SPICE抽取,2026-04-19 17:36,Panasonic Common_Spara | EXC28CH500U,,,,,,,,,,,,,,,,,,0.4516,nH,,,,,Common mode Noise Filters,panasonic_common_spara,,,,,,,,,,,
Panasonic(松下),EXC28CH900U,EXC28CH,,,,,,,EMI/Noise filter,Source archive: EXC28CH900U,Top title: Common mode Noise Filters,Model page: https://industrial.panasonic.com/ww/products/pt/noise-filters/models/EXC28CH900U,共模电感,SMT,EXC28CH,,Common mode Noise Filters | CT1=0.0678p | RT21=0.673 | RT1=110.9 | LT1=70.288n | K1_2=0.9577 | C1=928p | C3=0.06539p | R1=883.5 | R2=0.04769 | R3=163.6,Production,,,,https://industrial.panasonic.com/ww/products/pt/noise-filters/models/EXC28CH900U,Panasonic official Common_Spara zip,官方SPICE抽取,2026-04-19 17:36,Panasonic Common_Spara | EXC28CH900U,,,,,,,,,,,,,,,,,,70.288,nH,,,,,Common mode Noise Filters,panasonic_common_spara,,,,,,,,,,,
Panasonic(松下),EXC34CE121U,EXC34CE,,,,,,,EMI/Noise filter,Source archive: EXC34CE121U,Top title: Common mode Noise Filters,Model page: https://industrial.panasonic.com/ww/products/pt/noise-filters/models/EXC34CE121U,共模电感,SMT,EXC34CE,,Common mode Noise Filters | CT1=0.3325p | RT21=17.88 | RT1=32.21 | LT1=1.352n | K1_2=0.9574 | C1=913.5p | C3=0.1317p | R1=143.4 | R2=0.07214 | R3=292.5,Production,,,,https://industrial.panasonic.com/ww/products/pt/noise-filters/models/EXC34CE121U,Panasonic official Common_Spara zip,官方SPICE抽取,2026-04-19 17:36,Panasonic Common_Spara | EXC34CE121U,,,,,,,,,,,,,,,,,,1.352,nH,,,,,Common mode Noise Filters,panasonic_common_spara,,,,,,,,,,,
Panasonic(松下),EXC34CE201U,EXC34CE,,,,,,,EMI/Noise filter,Source archive: EXC34CE201U,Top title: Common mode Noise Filters,Model page: https://industrial.panasonic.com/ww/products/pt/noise-filters/models/EXC34CE201U,共模电感,SMT,EXC34CE,,Common mode Noise Filters | CT1=0.4092p | RT21=5.583 | RT1=23.22 | LT1=1.951n | K1_2=0.9584 | C1=65.68p | C3=0.1648p | R1=137.3 | R2=0.0812 | R3=7075,Production,,,,https://industrial.panasonic.com/ww/products/pt/noise-filters/models/EXC34CE201U,Panasonic official Common_Spara zip,官方SPICE抽取,2026-04-19 17:36,Panasonic Common_Spara | EXC34CE201U,,,,,,,,,,,,,,,,,,1.951,nH,,,,,Common mode Noise Filters,panasonic_common_spara,,,,,,,,,,,
Panasonic(松下),EXC34CE670U,EXC34CE,,,,,,,EMI/Noise filter,Source archive: EXC34CE670U,Top title: Common mode Noise Filters,Model page: https://industrial.panasonic.com/ww/products/pt/noise-filters/models/EXC34CE670U,共模电感,SMT,EXC34CE,,Common mode Noise Filters | CT1=0.2353p | RT21=4.417 | RT1=51.06 | LT1=0.9096n | K1_2=0.9582 | C1=1000p | C3=0.09953p | R1=7069 | R2=0.0497 | R3=50.19,Production,,,,https://industrial.panasonic.com/ww/products/pt/noise-filters/models/EXC34CE670U,Panasonic official Common_Spara zip,官方SPICE抽取,2026-04-19 17:36,Panasonic Common_Spara | EXC34CE670U,,,,,,,,,,,,,,,,,,0.9096,nH,,,,,Common mode Noise Filters,panasonic_common_spara,,,,,,,,,,,
Panasonic(松下),EXC34CE900U,EXC34CE,,,,,,,EMI/Noise filter,Source archive: EXC34CE900U,Top title: Common mode Noise Filters,Model page: https://industrial.panasonic.com/ww/products/pt/noise-filters/models/EXC34CE900U,共模电感,SMT,EXC34CE,,Common mode Noise Filters | CT1=0.2809p | RT21=6.806 | RT1=36.2 | LT1=1.452n | K1_2=0.9625 | C1=950.2p | C3=0.1206p | R1=5702 | R2=0.06838 | R3=74.65,Production,,,,https://industrial.panasonic.com/ww/products/pt/noise-filters/models/EXC34CE900U,Panasonic official Common_Spara zip,官方SPICE抽取,2026-04-19 17:36,Panasonic Common_Spara | EXC34CE900U,,,,,,,,,,,,,,,,,,1.452,nH,,,,,Common mode Noise Filters,panasonic_common_spara,,,,,,,,,,,
Panasonic(松下),EXC34CG900U,EXC34CG,,,,,,,EMI/Noise filter,Source archive: EXC34CG900U,Top title: Common mode Noise Filters,Model page: https://industrial.panasonic.com/ww/products/pt/noise-filters/models/EXC34CG900U,共模电感,SMT,EXC34CG,,Common mode Noise Filters | CT1=0.1551p | RT21=12.38 | RT1=46.51 | LT1=2.797n | K1_2=0.9396 | C1=677.8p | C3=0.1052p | R1=4208 | R2=0.1551 | R3=246.7,Production,,,,https://industrial.panasonic.com/ww/products/pt/noise-filters/models/EXC34CG900U,Panasonic official Common_Spara zip,官方SPICE抽取,2026-04-19 17:36,Panasonic Common_Spara | EXC34CG900U,,,,,,,,,,,,,,,,,,2.797,nH,,,,,Common mode Noise Filters,panasonic_common_spara,,,,,,,,,,,
Panasonic(松下),EXCX4CE600U,EXCX4CE,,,,,,,EMI/Noise filter,Source archive: EXCX4CE600U,Top title: Common mode Noise Filters,Model page: https://industrial.panasonic.com/ww/products/pt/noise-filters/models/EXCX4CE600U,共模电感,SMT,EXCX4CE,,Common mode Noise Filters | CT1=0.1419p | RT21=4.128 | RT1=21.46 | LT1=0.9395n | K1_2=0.9382 | C1=0.4161p | C3=0.1162p | R1=107.5 | R2=0.1734 | R3=27.09,Production,,,,https://industrial.panasonic.com/ww/products/pt/noise-filters/models/EXCX4CE600U,Panasonic official Common_Spara zip,官方SPICE抽取,2026-04-19 17:36,Panasonic Common_Spara | EXCX4CE600U,,,,,,,,,,,,,,,,,,0.9395,nH,,,,,Common mode Noise Filters,panasonic_common_spara,,,,,,,,,,,
Panasonic(松下),EXCX4CE900U,EXCX4CE,,,,,,,EMI/Noise filter,Source archive: EXCX4CE900U,Top title: Common mode Noise Filters,Model page: https://industrial.panasonic.com/ww/products/pt/noise-filters/models/EXCX4CE900U,共模电感,SMT,EXCX4CE,,Common mode Noise Filters | CT1=0.2252p | RT21=38.44 | RT1=0.03624 | LT1=1.171n | K1_2=0.9563 | C1=952.3p | C3=0.1328p | R1=2475 | R2=0.2867 | R3=137.7,Production,,,,https://industrial.panasonic.com/ww/products/pt/noise-filters/models/EXCX4CE900U,Panasonic official Common_Spara zip,官方SPICE抽取,2026-04-19 17:36,Panasonic Common_Spara | EXCX4CE900U,,,,,,,,,,,,,,,,,,1.171,nH,,,,,Common mode Noise Filters,panasonic_common_spara,,,,,,,,,,,
Panasonic(松下),EXCX4CH120X,EXCX4CH,,,,,,,EMI/Noise filter,Source archive: EXCX4CH120X,Top title: Common mode Noise Filters,Model page: https://industrial.panasonic.com/ww/products/pt/noise-filters/models/EXCX4CH120X,共模电感,SMT,EXCX4CH,,Common mode Noise Filters | CT1=0.03657p | RT21=4.609 | RT1=0.02999 | LT1=0.7119n | K1_2=0.9046 | C1=333.6p | C3=0.03474p | R1=98.55 | R2=0.0539 | R3=245.7,Production,,,,https://industrial.panasonic.com/ww/products/pt/noise-filters/models/EXCX4CH120X,Panasonic official Common_Spara zip,官方SPICE抽取,2026-04-19 17:36,Panasonic Common_Spara | EXCX4CH120X,,,,,,,,,,,,,,,,,,0.7119,nH,,,,,Common mode Noise Filters,panasonic_common_spara,,,,,,,,,,,
Panasonic(松下),EXCX4CH350X,EXCX4CH,,,,,,,EMI/Noise filter,Source archive: EXCX4CH350X,Top title: Common mode Noise Filters,Model page: https://industrial.panasonic.com/ww/products/pt/noise-filters/models/EXCX4CH350X,共模电感,SMT,EXCX4CH,,Common mode Noise Filters | CT1=0.07648p | RT21=4.243 | RT1=0.0000000005448 | LT1=0.567n | K1_2=0.9396 | C1=104p | C3=0.04475p | R1=4012 | R2=0.1524 | R3=181.2,Production,,,,https://industrial.panasonic.com/ww/products/pt/noise-filters/models/EXCX4CH350X,Panasonic official Common_Spara zip,官方SPICE抽取,2026-04-19 17:36,Panasonic Common_Spara | EXCX4CH350X,,,,,,,,,,,,,,,,,,0.567,nH,,,,,Common mode Noise Filters,panasonic_common_spara,,,,,,,,,,,
Panasonic(松下),EXCX4CZ040X,EXCX4CZ,,,,,,,EMI/Noise filter,Source archive: EXCX4CZ040X,Top title: Common mode Noise Filters,Model page: https://industrial.panasonic.com/ww/products/pt/noise-filters/models/EXCX4CZ040X,共模电感,SMT,EXCX4CZ,,Common mode Noise Filters | RT=0.0178 | LT=40n | K1_2=0.73 | C1=0.03p | C3=0.01501p | R1=565 | R2=0.04 | R3=0.4,Production,,,,https://industrial.panasonic.com/ww/products/pt/noise-filters/models/EXCX4CZ040X,Panasonic official Common_Spara zip,官方SPICE抽取,2026-04-19 17:36,Panasonic Common_Spara | EXCX4CZ040X,,,,,,,,,,,,,,,,,,40,nH,,,,,Common mode Noise Filters,panasonic_common_spara,,,,,,,,,,,
Panasonic(松下),EXCX4CZ090X,EXCX4CZ,,,,,,,EMI/Noise filter,Source archive: EXCX4CZ090X,Top title: Common mode Noise Filters,Model page: https://industrial.panasonic.com/ww/products/pt/noise-filters/models/EXCX4CZ090X,共模电感,SMT,EXCX4CZ,,Common mode Noise Filters | RT=0.007 | LT=13n | K1_2=0.822985 | C1=0.07p | C3=0.0236p | R1=228.729 | R2=0.08 | R3=970,Production,,,,https://industrial.panasonic.com/ww/products/pt/noise-filters/models/EXCX4CZ090X,Panasonic official Common_Spara zip,官方SPICE抽取,2026-04-19 17:36,Panasonic Common_Spara | EXCX4CZ090X,,,,,,,,,,,,,,,,,,13,nH,,,,,Common mode Noise Filters,panasonic_common_spara,,,,,,,,,,,
Panasonic(松下),EXCX4CZ200X,EXCX4CZ,,,,,,,EMI/Noise filter,Source archive: EXCX4CZ200X,Top title: Common mode Noise Filters,Model page: https://industrial.panasonic.com/ww/products/pt/noise-filters/models/EXCX4CZ200X,共模电感,SMT,EXCX4CZ,,Common mode Noise Filters | CT1=0.0907p | RT21=47.49 | RT1=0.00001173 | LT1=0.898n | K1_2=0.8723 | C1=829p | C3=0.0456p | R1=2923 | R2=0.1089 | R3=3890,Production,,,,https://industrial.panasonic.com/ww/products/pt/noise-filters/models/EXCX4CZ200X,Panasonic official Common_Spara zip,官方SPICE抽取,2026-04-19 17:36,Panasonic Common_Spara | EXCX4CZ200X,,,,,,,,,,,,,,,,,,0.898,nH,,,,,Common mode Noise Filters,panasonic_common_spara,,,,,,,,,,,
